 900
     0.00000000     0.00000000     0.00000000
     0.56123102     0.97208065     0.00000000
     1.12246205     0.00000000     0.00000000
     1.68369307     0.97208065     0.00000000
     2.24492410     0.00000000     0.00000000
     2.80615512     0.97208065     0.00000000
     3.36738614     0.00000000     0.00000000
     3.92861717     0.97208065     0.00000000
     4.48984819     0.00000000     0.00000000
     5.05107922     0.97208065     0.00000000
     5.61231024     0.00000000     0.00000000
     6.17354127     0.97208065     0.00000000
     6.73477229     0.00000000     0.00000000
     7.29600331     0.97208065     0.00000000
     7.85723434     0.00000000     0.00000000
     8.41846536     0.97208065     0.00000000
     8.97969639     0.00000000     0.00000000
     9.54092741     0.97208065     0.00000000
    10.10215843     0.00000000     0.00000000
    10.66338946     0.97208065     0.00000000
    11.22462048     0.00000000     0.00000000
    11.78585151     0.97208065     0.00000000
    12.34708253     0.00000000     0.00000000
    12.90831356     0.97208065     0.00000000
    13.46954458     0.00000000     0.00000000
    14.03077560     0.97208065     0.00000000
    14.59200663     0.00000000     0.00000000
    15.15323765     0.97208065     0.00000000
    15.71446868     0.00000000     0.00000000
    16.27569970     0.97208065     0.00000000
    16.83693072     0.00000000     0.00000000
    17.39816175     0.97208065     0.00000000
    17.95939277     0.00000000     0.00000000
    18.52062380     0.97208065     0.00000000
    19.08185482     0.00000000     0.00000000
    19.64308585     0.97208065     0.00000000
    20.20431687     0.00000000     0.00000000
    20.76554789     0.97208065     0.00000000
    21.32677892     0.00000000     0.00000000
    21.88800994     0.97208065     0.00000000
    22.44924097     0.00000000     0.00000000
    23.01047199     0.97208065     0.00000000
    23.57170301     0.00000000     0.00000000
    24.13293404     0.97208065     0.00000000
    24.69416506     0.00000000     0.00000000
    25.25539609     0.97208065     0.00000000
    25.81662711     0.00000000     0.00000000
    26.37785814     0.97208065     0.00000000
    26.93908916     0.00000000     0.00000000
    27.50032018     0.97208065     0.00000000
    28.06155121     0.00000000     0.00000000
    28.62278223     0.97208065     0.00000000
    29.18401326     0.00000000     0.00000000
    29.74524428     0.97208065     0.00000000
    30.30647530     0.00000000     0.00000000
    30.86770633     0.97208065     0.00000000
    31.42893735     0.00000000     0.00000000
    31.99016838     0.97208065     0.00000000
    32.55139940     0.00000000     0.00000000
    33.11263043     0.97208065     0.00000000
     0.00000000     1.94416130     0.00000000
     0.56123102     2.91624195     0.00000000
     1.12246205     1.94416130     0.00000000
     1.68369307     2.91624195     0.00000000
     2.24492410     1.94416130     0.00000000
     2.80615512     2.91624195     0.00000000
     3.36738614     1.94416130     0.00000000
     3.92861717     2.91624195     0.00000000
     4.48984819     1.94416130     0.00000000
     5.05107922     2.91624195     0.00000000
     5.61231024     1.94416130     0.00000000
     6.17354127     2.91624195     0.00000000
     6.73477229     1.94416130     0.00000000
     7.29600331     2.91624195     0.00000000
     7.85723434     1.94416130     0.00000000
     8.41846536     2.91624195     0.00000000
     8.97969639     1.94416130     0.00000000
     9.54092741     2.91624195     0.00000000
    10.10215843     1.94416130     0.00000000
    10.66338946     2.91624195     0.00000000
    11.22462048     1.94416130     0.00000000
    11.78585151     2.91624195     0.00000000
    12.34708253     1.94416130     0.00000000
    12.90831356     2.91624195     0.00000000
    13.46954458     1.94416130     0.00000000
    14.03077560     2.91624195     0.00000000
    14.59200663     1.94416130     0.00000000
    15.15323765     2.91624195     0.00000000
    15.71446868     1.94416130     0.00000000
    16.27569970     2.91624195     0.00000000
    16.83693072     1.94416130     0.00000000
    17.39816175     2.91624195     0.00000000
    17.95939277     1.94416130     0.00000000
    18.52062380     2.91624195     0.00000000
    19.08185482     1.94416130     0.00000000
    19.64308585     2.91624195     0.00000000
    20.20431687     1.94416130     0.00000000
    20.76554789     2.91624195     0.00000000
    21.32677892     1.94416130     0.00000000
    21.88800994     2.91624195     0.00000000
    22.44924097     1.94416130     0.00000000
    23.01047199     2.91624195     0.00000000
    23.57170301     1.94416130     0.00000000
    24.13293404     2.91624195     0.00000000
    24.69416506     1.94416130     0.00000000
    25.25539609     2.91624195     0.00000000
    25.81662711     1.94416130     0.00000000
    26.37785814     2.91624195     0.00000000
    26.93908916     1.94416130     0.00000000
    27.50032018     2.91624195     0.00000000
    28.06155121     1.94416130     0.00000000
    28.62278223     2.91624195     0.00000000
    29.18401326     1.94416130     0.00000000
    29.74524428     2.91624195     0.00000000
    30.30647530     1.94416130     0.00000000
    30.86770633     2.91624195     0.00000000
    31.42893735     1.94416130     0.00000000
    31.99016838     2.91624195     0.00000000
    32.55139940     1.94416130     0.00000000
    33.11263043     2.91624195     0.00000000
     0.00000000     3.88832259     0.00000000
     0.56123102     4.86040324     0.00000000
     1.12246205     3.88832259     0.00000000
     1.68369307     4.86040324     0.00000000
     2.24492410     3.88832259     0.00000000
     2.80615512     4.86040324     0.00000000
     3.36738614     3.88832259     0.00000000
     3.92861717     4.86040324     0.00000000
     4.48984819     3.88832259     0.00000000
     5.05107922     4.86040324     0.00000000
     5.61231024     3.88832259     0.00000000
     6.17354127     4.86040324     0.00000000
     6.73477229     3.88832259     0.00000000
     7.29600331     4.86040324     0.00000000
     7.85723434     3.88832259     0.00000000
     8.41846536     4.86040324     0.00000000
     8.97969639     3.88832259     0.00000000
     9.54092741     4.86040324     0.00000000
    10.10215843     3.88832259     0.00000000
    10.66338946     4.86040324     0.00000000
    11.22462048     3.88832259     0.00000000
    11.78585151     4.86040324     0.00000000
    12.34708253     3.88832259     0.00000000
    12.90831356     4.86040324     0.00000000
    13.46954458     3.88832259     0.00000000
    14.03077560     4.86040324     0.00000000
    14.59200663     3.88832259     0.00000000
    15.15323765     4.86040324     0.00000000
    15.71446868     3.88832259     0.00000000
    16.27569970     4.86040324     0.00000000
    16.83693072     3.88832259     0.00000000
    17.39816175     4.86040324     0.00000000
    17.95939277     3.88832259     0.00000000
    18.52062380     4.86040324     0.00000000
    19.08185482     3.88832259     0.00000000
    19.64308585     4.86040324     0.00000000
    20.20431687     3.88832259     0.00000000
    20.76554789     4.86040324     0.00000000
    21.32677892     3.88832259     0.00000000
    21.88800994     4.86040324     0.00000000
    22.44924097     3.88832259     0.00000000
    23.01047199     4.86040324     0.00000000
    23.57170301     3.88832259     0.00000000
    24.13293404     4.86040324     0.00000000
    24.69416506     3.88832259     0.00000000
    25.25539609     4.86040324     0.00000000
    25.81662711     3.88832259     0.00000000
    26.37785814     4.86040324     0.00000000
    26.93908916     3.88832259     0.00000000
    27.50032018     4.86040324     0.00000000
    28.06155121     3.88832259     0.00000000
    28.62278223     4.86040324     0.00000000
    29.18401326     3.88832259     0.00000000
    29.74524428     4.86040324     0.00000000
    30.30647530     3.88832259     0.00000000
    30.86770633     4.86040324     0.00000000
    31.42893735     3.88832259     0.00000000
    31.99016838     4.86040324     0.00000000
    32.55139940     3.88832259     0.00000000
    33.11263043     4.86040324     0.00000000
     0.00000000     5.83248389     0.00000000
     0.56123102     6.80456454     0.00000000
     1.12246205     5.83248389     0.00000000
     1.68369307     6.80456454     0.00000000
     2.24492410     5.83248389     0.00000000
     2.80615512     6.80456454     0.00000000
     3.36738614     5.83248389     0.00000000
     3.92861717     6.80456454     0.00000000
     4.48984819     5.83248389     0.00000000
     5.05107922     6.80456454     0.00000000
     5.61231024     5.83248389     0.00000000
     6.17354127     6.80456454     0.00000000
     6.73477229     5.83248389     0.00000000
     7.29600331     6.80456454     0.00000000
     7.85723434     5.83248389     0.00000000
     8.41846536     6.80456454     0.00000000
     8.97969639     5.83248389     0.00000000
     9.54092741     6.80456454     0.00000000
    10.10215843     5.83248389     0.00000000
    10.66338946     6.80456454     0.00000000
    11.22462048     5.83248389     0.00000000
    11.78585151     6.80456454     0.00000000
    12.34708253     5.83248389     0.00000000
    12.90831356     6.80456454     0.00000000
    13.46954458     5.83248389     0.00000000
    14.03077560     6.80456454     0.00000000
    14.59200663     5.83248389     0.00000000
    15.15323765     6.80456454     0.00000000
    15.71446868     5.83248389     0.00000000
    16.27569970     6.80456454     0.00000000
    16.83693072     5.83248389     0.00000000
    17.39816175     6.80456454     0.00000000
    17.95939277     5.83248389     0.00000000
    18.52062380     6.80456454     0.00000000
    19.08185482     5.83248389     0.00000000
    19.64308585     6.80456454     0.00000000
    20.20431687     5.83248389     0.00000000
    20.76554789     6.80456454     0.00000000
    21.32677892     5.83248389     0.00000000
    21.88800994     6.80456454     0.00000000
    22.44924097     5.83248389     0.00000000
    23.01047199     6.80456454     0.00000000
    23.57170301     5.83248389     0.00000000
    24.13293404     6.80456454     0.00000000
    24.69416506     5.83248389     0.00000000
    25.25539609     6.80456454     0.00000000
    25.81662711     5.83248389     0.00000000
    26.37785814     6.80456454     0.00000000
    26.93908916     5.83248389     0.00000000
    27.50032018     6.80456454     0.00000000
    28.06155121     5.83248389     0.00000000
    28.62278223     6.80456454     0.00000000
    29.18401326     5.83248389     0.00000000
    29.74524428     6.80456454     0.00000000
    30.30647530     5.83248389     0.00000000
    30.86770633     6.80456454     0.00000000
    31.42893735     5.83248389     0.00000000
    31.99016838     6.80456454     0.00000000
    32.55139940     5.83248389     0.00000000
    33.11263043     6.80456454     0.00000000
     0.00000000     7.77664519     0.00000000
     0.56123102     8.74872584     0.00000000
     1.12246205     7.77664519     0.00000000
     1.68369307     8.74872584     0.00000000
     2.24492410     7.77664519     0.00000000
     2.80615512     8.74872584     0.00000000
     3.36738614     7.77664519     0.00000000
     3.92861717     8.74872584     0.00000000
     4.48984819     7.77664519     0.00000000
     5.05107922     8.74872584     0.00000000
     5.61231024     7.77664519     0.00000000
     6.17354127     8.74872584     0.00000000
     6.73477229     7.77664519     0.00000000
     7.29600331     8.74872584     0.00000000
     7.85723434     7.77664519     0.00000000
     8.41846536     8.74872584     0.00000000
     8.97969639     7.77664519     0.00000000
     9.54092741     8.74872584     0.00000000
    10.10215843     7.77664519     0.00000000
    10.66338946     8.74872584     0.00000000
    11.22462048     7.77664519     0.00000000
    11.78585151     8.74872584     0.00000000
    12.34708253     7.77664519     0.00000000
    12.90831356     8.74872584     0.00000000
    13.46954458     7.77664519     0.00000000
    14.03077560     8.74872584     0.00000000
    14.59200663     7.77664519     0.00000000
    15.15323765     8.74872584     0.00000000
    15.71446868     7.77664519     0.00000000
    16.27569970     8.74872584     0.00000000
    16.83693072     7.77664519     0.00000000
    17.39816175     8.74872584     0.00000000
    17.95939277     7.77664519     0.00000000
    18.52062380     8.74872584     0.00000000
    19.08185482     7.77664519     0.00000000
    19.64308585     8.74872584     0.00000000
    20.20431687     7.77664519     0.00000000
    20.76554789     8.74872584     0.00000000
    21.32677892     7.77664519     0.00000000
    21.88800994     8.74872584     0.00000000
    22.44924097     7.77664519     0.00000000
    23.01047199     8.74872584     0.00000000
    23.57170301     7.77664519     0.00000000
    24.13293404     8.74872584     0.00000000
    24.69416506     7.77664519     0.00000000
    25.25539609     8.74872584     0.00000000
    25.81662711     7.77664519     0.00000000
    26.37785814     8.74872584     0.00000000
    26.93908916     7.77664519     0.00000000
    27.50032018     8.74872584     0.00000000
    28.06155121     7.77664519     0.00000000
    28.62278223     8.74872584     0.00000000
    29.18401326     7.77664519     0.00000000
    29.74524428     8.74872584     0.00000000
    30.30647530     7.77664519     0.00000000
    30.86770633     8.74872584     0.00000000
    31.42893735     7.77664519     0.00000000
    31.99016838     8.74872584     0.00000000
    32.55139940     7.77664519     0.00000000
    33.11263043     8.74872584     0.00000000
     0.00000000     9.72080649     0.00000000
     0.56123102    10.69288713     0.00000000
     1.12246205     9.72080649     0.00000000
     1.68369307    10.69288713     0.00000000
     2.24492410     9.72080649     0.00000000
     2.80615512    10.69288713     0.00000000
     3.36738614     9.72080649     0.00000000
     3.92861717    10.69288713     0.00000000
     4.48984819     9.72080649     0.00000000
     5.05107922    10.69288713     0.00000000
     5.61231024     9.72080649     0.00000000
     6.17354127    10.69288713     0.00000000
     6.73477229     9.72080649     0.00000000
     7.29600331    10.69288713     0.00000000
     7.85723434     9.72080649     0.00000000
     8.41846536    10.69288713     0.00000000
     8.97969639     9.72080649     0.00000000
     9.54092741    10.69288713     0.00000000
    10.10215843     9.72080649     0.00000000
    10.66338946    10.69288713     0.00000000
    11.22462048     9.72080649     0.00000000
    11.78585151    10.69288713     0.00000000
    12.34708253     9.72080649     0.00000000
    12.90831356    10.69288713     0.00000000
    13.46954458     9.72080649     0.00000000
    14.03077560    10.69288713     0.00000000
    14.59200663     9.72080649     0.00000000
    15.15323765    10.69288713     0.00000000
    15.71446868     9.72080649     0.00000000
    16.27569970    10.69288713     0.00000000
    16.83693072     9.72080649     0.00000000
    17.39816175    10.69288713     0.00000000
    17.95939277     9.72080649     0.00000000
    18.52062380    10.69288713     0.00000000
    19.08185482     9.72080649     0.00000000
    19.64308585    10.69288713     0.00000000
    20.20431687     9.72080649     0.00000000
    20.76554789    10.69288713     0.00000000
    21.32677892     9.72080649     0.00000000
    21.88800994    10.69288713     0.00000000
    22.44924097     9.72080649     0.00000000
    23.01047199    10.69288713     0.00000000
    23.57170301     9.72080649     0.00000000
    24.13293404    10.69288713     0.00000000
    24.69416506     9.72080649     0.00000000
    25.25539609    10.69288713     0.00000000
    25.81662711     9.72080649     0.00000000
    26.37785814    10.69288713     0.00000000
    26.93908916     9.72080649     0.00000000
    27.50032018    10.69288713     0.00000000
    28.06155121     9.72080649     0.00000000
    28.62278223    10.69288713     0.00000000
    29.18401326     9.72080649     0.00000000
    29.74524428    10.69288713     0.00000000
    30.30647530     9.72080649     0.00000000
    30.86770633    10.69288713     0.00000000
    31.42893735     9.72080649     0.00000000
    31.99016838    10.69288713     0.00000000
    32.55139940     9.72080649     0.00000000
    33.11263043    10.69288713     0.00000000
     0.00000000    11.66496778     0.00000000
     0.56123102    12.63704843     0.00000000
     1.12246205    11.66496778     0.00000000
     1.68369307    12.63704843     0.00000000
     2.24492410    11.66496778     0.00000000
     2.80615512    12.63704843     0.00000000
     3.36738614    11.66496778     0.00000000
     3.92861717    12.63704843     0.00000000
     4.48984819    11.66496778     0.00000000
     5.05107922    12.63704843     0.00000000
     5.61231024    11.66496778     0.00000000
     6.17354127    12.63704843     0.00000000
     6.73477229    11.66496778     0.00000000
     7.29600331    12.63704843     0.00000000
     7.85723434    11.66496778     0.00000000
     8.41846536    12.63704843     0.00000000
     8.97969639    11.66496778     0.00000000
     9.54092741    12.63704843     0.00000000
    10.10215843    11.66496778     0.00000000
    10.66338946    12.63704843     0.00000000
    11.22462048    11.66496778     0.00000000
    11.78585151    12.63704843     0.00000000
    12.34708253    11.66496778     0.00000000
    12.90831356    12.63704843     0.00000000
    13.46954458    11.66496778     0.00000000
    14.03077560    12.63704843     0.00000000
    14.59200663    11.66496778     0.00000000
    15.15323765    12.63704843     0.00000000
    15.71446868    11.66496778     0.00000000
    16.27569970    12.63704843     0.00000000
    16.83693072    11.66496778     0.00000000
    17.39816175    12.63704843     0.00000000
    17.95939277    11.66496778     0.00000000
    18.52062380    12.63704843     0.00000000
    19.08185482    11.66496778     0.00000000
    19.64308585    12.63704843     0.00000000
    20.20431687    11.66496778     0.00000000
    20.76554789    12.63704843     0.00000000
    21.32677892    11.66496778     0.00000000
    21.88800994    12.63704843     0.00000000
    22.44924097    11.66496778     0.00000000
    23.01047199    12.63704843     0.00000000
    23.57170301    11.66496778     0.00000000
    24.13293404    12.63704843     0.00000000
    24.69416506    11.66496778     0.00000000
    25.25539609    12.63704843     0.00000000
    25.81662711    11.66496778     0.00000000
    26.37785814    12.63704843     0.00000000
    26.93908916    11.66496778     0.00000000
    27.50032018    12.63704843     0.00000000
    28.06155121    11.66496778     0.00000000
    28.62278223    12.63704843     0.00000000
    29.18401326    11.66496778     0.00000000
    29.74524428    12.63704843     0.00000000
    30.30647530    11.66496778     0.00000000
    30.86770633    12.63704843     0.00000000
    31.42893735    11.66496778     0.00000000
    31.99016838    12.63704843     0.00000000
    32.55139940    11.66496778     0.00000000
    33.11263043    12.63704843     0.00000000
     0.00000000    13.60912908     0.00000000
     0.56123102    14.58120973     0.00000000
     1.12246205    13.60912908     0.00000000
     1.68369307    14.58120973     0.00000000
     2.24492410    13.60912908     0.00000000
     2.80615512    14.58120973     0.00000000
     3.36738614    13.60912908     0.00000000
     3.92861717    14.58120973     0.00000000
     4.48984819    13.60912908     0.00000000
     5.05107922    14.58120973     0.00000000
     5.61231024    13.60912908     0.00000000
     6.17354127    14.58120973     0.00000000
     6.73477229    13.60912908     0.00000000
     7.29600331    14.58120973     0.00000000
     7.85723434    13.60912908     0.00000000
     8.41846536    14.58120973     0.00000000
     8.97969639    13.60912908     0.00000000
     9.54092741    14.58120973     0.00000000
    10.10215843    13.60912908     0.00000000
    10.66338946    14.58120973     0.00000000
    11.22462048    13.60912908     0.00000000
    11.78585151    14.58120973     0.00000000
    12.34708253    13.60912908     0.00000000
    12.90831356    14.58120973     0.00000000
    13.46954458    13.60912908     0.00000000
    14.03077560    14.58120973     0.00000000
    14.59200663    13.60912908     0.00000000
    15.15323765    14.58120973     0.00000000
    15.71446868    13.60912908     0.00000000
    16.27569970    14.58120973     0.00000000
    16.83693072    13.60912908     0.00000000
    17.39816175    14.58120973     0.00000000
    17.95939277    13.60912908     0.00000000
    18.52062380    14.58120973     0.00000000
    19.08185482    13.60912908     0.00000000
    19.64308585    14.58120973     0.00000000
    20.20431687    13.60912908     0.00000000
    20.76554789    14.58120973     0.00000000
    21.32677892    13.60912908     0.00000000
    21.88800994    14.58120973     0.00000000
    22.44924097    13.60912908     0.00000000
    23.01047199    14.58120973     0.00000000
    23.57170301    13.60912908     0.00000000
    24.13293404    14.58120973     0.00000000
    24.69416506    13.60912908     0.00000000
    25.25539609    14.58120973     0.00000000
    25.81662711    13.60912908     0.00000000
    26.37785814    14.58120973     0.00000000
    26.93908916    13.60912908     0.00000000
    27.50032018    14.58120973     0.00000000
    28.06155121    13.60912908     0.00000000
    28.62278223    14.58120973     0.00000000
    29.18401326    13.60912908     0.00000000
    29.74524428    14.58120973     0.00000000
    30.30647530    13.60912908     0.00000000
    30.86770633    14.58120973     0.00000000
    31.42893735    13.60912908     0.00000000
    31.99016838    14.58120973     0.00000000
    32.55139940    13.60912908     0.00000000
    33.11263043    14.58120973     0.00000000
     0.00000000    15.55329038     0.00000000
     0.56123102    16.52537103     0.00000000
     1.12246205    15.55329038     0.00000000
     1.68369307    16.52537103     0.00000000
     2.24492410    15.55329038     0.00000000
     2.80615512    16.52537103     0.00000000
     3.36738614    15.55329038     0.00000000
     3.92861717    16.52537103     0.00000000
     4.48984819    15.55329038     0.00000000
     5.05107922    16.52537103     0.00000000
     5.61231024    15.55329038     0.00000000
     6.17354127    16.52537103     0.00000000
     6.73477229    15.55329038     0.00000000
     7.29600331    16.52537103     0.00000000
     7.85723434    15.55329038     0.00000000
     8.41846536    16.52537103     0.00000000
     8.97969639    15.55329038     0.00000000
     9.54092741    16.52537103     0.00000000
    10.10215843    15.55329038     0.00000000
    10.66338946    16.52537103     0.00000000
    11.22462048    15.55329038     0.00000000
    11.78585151    16.52537103     0.00000000
    12.34708253    15.55329038     0.00000000
    12.90831356    16.52537103     0.00000000
    13.46954458    15.55329038     0.00000000
    14.03077560    16.52537103     0.00000000
    14.59200663    15.55329038     0.00000000
    15.15323765    16.52537103     0.00000000
    15.71446868    15.55329038     0.00000000
    16.27569970    16.52537103     0.00000000
    16.83693072    15.55329038     0.00000000
    17.39816175    16.52537103     0.00000000
    17.95939277    15.55329038     0.00000000
    18.52062380    16.52537103     0.00000000
    19.08185482    15.55329038     0.00000000
    19.64308585    16.52537103     0.00000000
    20.20431687    15.55329038     0.00000000
    20.76554789    16.52537103     0.00000000
    21.32677892    15.55329038     0.00000000
    21.88800994    16.52537103     0.00000000
    22.44924097    15.55329038     0.00000000
    23.01047199    16.52537103     0.00000000
    23.57170301    15.55329038     0.00000000
    24.13293404    16.52537103     0.00000000
    24.69416506    15.55329038     0.00000000
    25.25539609    16.52537103     0.00000000
    25.81662711    15.55329038     0.00000000
    26.37785814    16.52537103     0.00000000
    26.93908916    15.55329038     0.00000000
    27.50032018    16.52537103     0.00000000
    28.06155121    15.55329038     0.00000000
    28.62278223    16.52537103     0.00000000
    29.18401326    15.55329038     0.00000000
    29.74524428    16.52537103     0.00000000
    30.30647530    15.55329038     0.00000000
    30.86770633    16.52537103     0.00000000
    31.42893735    15.55329038     0.00000000
    31.99016838    16.52537103     0.00000000
    32.55139940    15.55329038     0.00000000
    33.11263043    16.52537103     0.00000000
     0.00000000    17.49745168     0.00000000
     0.56123102    18.46953232     0.00000000
     1.12246205    17.49745168     0.00000000
     1.68369307    18.46953232     0.00000000
     2.24492410    17.49745168     0.00000000
     2.80615512    18.46953232     0.00000000
     3.36738614    17.49745168     0.00000000
     3.92861717    18.46953232     0.00000000
     4.48984819    17.49745168     0.00000000
     5.05107922    18.46953232     0.00000000
     5.61231024    17.49745168     0.00000000
     6.17354127    18.46953232     0.00000000
     6.73477229    17.49745168     0.00000000
     7.29600331    18.46953232     0.00000000
     7.85723434    17.49745168     0.00000000
     8.41846536    18.46953232     0.00000000
     8.97969639    17.49745168     0.00000000
     9.54092741    18.46953232     0.00000000
    10.10215843    17.49745168     0.00000000
    10.66338946    18.46953232     0.00000000
    11.22462048    17.49745168     0.00000000
    11.78585151    18.46953232     0.00000000
    12.34708253    17.49745168     0.00000000
    12.90831356    18.46953232     0.00000000
    13.46954458    17.49745168     0.00000000
    14.03077560    18.46953232     0.00000000
    14.59200663    17.49745168     0.00000000
    15.15323765    18.46953232     0.00000000
    15.71446868    17.49745168     0.00000000
    16.27569970    18.46953232     0.00000000
    16.83693072    17.49745168     0.00000000
    17.39816175    18.46953232     0.00000000
    17.95939277    17.49745168     0.00000000
    18.52062380    18.46953232     0.00000000
    19.08185482    17.49745168     0.00000000
    19.64308585    18.46953232     0.00000000
    20.20431687    17.49745168     0.00000000
    20.76554789    18.46953232     0.00000000
    21.32677892    17.49745168     0.00000000
    21.88800994    18.46953232     0.00000000
    22.44924097    17.49745168     0.00000000
    23.01047199    18.46953232     0.00000000
    23.57170301    17.49745168     0.00000000
    24.13293404    18.46953232     0.00000000
    24.69416506    17.49745168     0.00000000
    25.25539609    18.46953232     0.00000000
    25.81662711    17.49745168     0.00000000
    26.37785814    18.46953232     0.00000000
    26.93908916    17.49745168     0.00000000
    27.50032018    18.46953232     0.00000000
    28.06155121    17.49745168     0.00000000
    28.62278223    18.46953232     0.00000000
    29.18401326    17.49745168     0.00000000
    29.74524428    18.46953232     0.00000000
    30.30647530    17.49745168     0.00000000
    30.86770633    18.46953232     0.00000000
    31.42893735    17.49745168     0.00000000
    31.99016838    18.46953232     0.00000000
    32.55139940    17.49745168     0.00000000
    33.11263043    18.46953232     0.00000000
     0.00000000    19.44161297     0.00000000
     0.56123102    20.41369362     0.00000000
     1.12246205    19.44161297     0.00000000
     1.68369307    20.41369362     0.00000000
     2.24492410    19.44161297     0.00000000
     2.80615512    20.41369362     0.00000000
     3.36738614    19.44161297     0.00000000
     3.92861717    20.41369362     0.00000000
     4.48984819    19.44161297     0.00000000
     5.05107922    20.41369362     0.00000000
     5.61231024    19.44161297     0.00000000
     6.17354127    20.41369362     0.00000000
     6.73477229    19.44161297     0.00000000
     7.29600331    20.41369362     0.00000000
     7.85723434    19.44161297     0.00000000
     8.41846536    20.41369362     0.00000000
     8.97969639    19.44161297     0.00000000
     9.54092741    20.41369362     0.00000000
    10.10215843    19.44161297     0.00000000
    10.66338946    20.41369362     0.00000000
    11.22462048    19.44161297     0.00000000
    11.78585151    20.41369362     0.00000000
    12.34708253    19.44161297     0.00000000
    12.90831356    20.41369362     0.00000000
    13.46954458    19.44161297     0.00000000
    14.03077560    20.41369362     0.00000000
    14.59200663    19.44161297     0.00000000
    15.15323765    20.41369362     0.00000000
    15.71446868    19.44161297     0.00000000
    16.27569970    20.41369362     0.00000000
    16.83693072    19.44161297     0.00000000
    17.39816175    20.41369362     0.00000000
    17.95939277    19.44161297     0.00000000
    18.52062380    20.41369362     0.00000000
    19.08185482    19.44161297     0.00000000
    19.64308585    20.41369362     0.00000000
    20.20431687    19.44161297     0.00000000
    20.76554789    20.41369362     0.00000000
    21.32677892    19.44161297     0.00000000
    21.88800994    20.41369362     0.00000000
    22.44924097    19.44161297     0.00000000
    23.01047199    20.41369362     0.00000000
    23.57170301    19.44161297     0.00000000
    24.13293404    20.41369362     0.00000000
    24.69416506    19.44161297     0.00000000
    25.25539609    20.41369362     0.00000000
    25.81662711    19.44161297     0.00000000
    26.37785814    20.41369362     0.00000000
    26.93908916    19.44161297     0.00000000
    27.50032018    20.41369362     0.00000000
    28.06155121    19.44161297     0.00000000
    28.62278223    20.41369362     0.00000000
    29.18401326    19.44161297     0.00000000
    29.74524428    20.41369362     0.00000000
    30.30647530    19.44161297     0.00000000
    30.86770633    20.41369362     0.00000000
    31.42893735    19.44161297     0.00000000
    31.99016838    20.41369362     0.00000000
    32.55139940    19.44161297     0.00000000
    33.11263043    20.41369362     0.00000000
     0.00000000    21.38577427     0.00000000
     0.56123102    22.35785492     0.00000000
     1.12246205    21.38577427     0.00000000
     1.68369307    22.35785492     0.00000000
     2.24492410    21.38577427     0.00000000
     2.80615512    22.35785492     0.00000000
     3.36738614    21.38577427     0.00000000
     3.92861717    22.35785492     0.00000000
     4.48984819    21.38577427     0.00000000
     5.05107922    22.35785492     0.00000000
     5.61231024    21.38577427     0.00000000
     6.17354127    22.35785492     0.00000000
     6.73477229    21.38577427     0.00000000
     7.29600331    22.35785492     0.00000000
     7.85723434    21.38577427     0.00000000
     8.41846536    22.35785492     0.00000000
     8.97969639    21.38577427     0.00000000
     9.54092741    22.35785492     0.00000000
    10.10215843    21.38577427     0.00000000
    10.66338946    22.35785492     0.00000000
    11.22462048    21.38577427     0.00000000
    11.78585151    22.35785492     0.00000000
    12.34708253    21.38577427     0.00000000
    12.90831356    22.35785492     0.00000000
    13.46954458    21.38577427     0.00000000
    14.03077560    22.35785492     0.00000000
    14.59200663    21.38577427     0.00000000
    15.15323765    22.35785492     0.00000000
    15.71446868    21.38577427     0.00000000
    16.27569970    22.35785492     0.00000000
    16.83693072    21.38577427     0.00000000
    17.39816175    22.35785492     0.00000000
    17.95939277    21.38577427     0.00000000
    18.52062380    22.35785492     0.00000000
    19.08185482    21.38577427     0.00000000
    19.64308585    22.35785492     0.00000000
    20.20431687    21.38577427     0.00000000
    20.76554789    22.35785492     0.00000000
    21.32677892    21.38577427     0.00000000
    21.88800994    22.35785492     0.00000000
    22.44924097    21.38577427     0.00000000
    23.01047199    22.35785492     0.00000000
    23.57170301    21.38577427     0.00000000
    24.13293404    22.35785492     0.00000000
    24.69416506    21.38577427     0.00000000
    25.25539609    22.35785492     0.00000000
    25.81662711    21.38577427     0.00000000
    26.37785814    22.35785492     0.00000000
    26.93908916    21.38577427     0.00000000
    27.50032018    22.35785492     0.00000000
    28.06155121    21.38577427     0.00000000
    28.62278223    22.35785492     0.00000000
    29.18401326    21.38577427     0.00000000
    29.74524428    22.35785492     0.00000000
    30.30647530    21.38577427     0.00000000
    30.86770633    22.35785492     0.00000000
    31.42893735    21.38577427     0.00000000
    31.99016838    22.35785492     0.00000000
    32.55139940    21.38577427     0.00000000
    33.11263043    22.35785492     0.00000000
     0.00000000    23.32993557     0.00000000
     0.56123102    24.30201622     0.00000000
     1.12246205    23.32993557     0.00000000
     1.68369307    24.30201622     0.00000000
     2.24492410    23.32993557     0.00000000
     2.80615512    24.30201622     0.00000000
     3.36738614    23.32993557     0.00000000
     3.92861717    24.30201622     0.00000000
     4.48984819    23.32993557     0.00000000
     5.05107922    24.30201622     0.00000000
     5.61231024    23.32993557     0.00000000
     6.17354127    24.30201622     0.00000000
     6.73477229    23.32993557     0.00000000
     7.29600331    24.30201622     0.00000000
     7.85723434    23.32993557     0.00000000
     8.41846536    24.30201622     0.00000000
     8.97969639    23.32993557     0.00000000
     9.54092741    24.30201622     0.00000000
    10.10215843    23.32993557     0.00000000
    10.66338946    24.30201622     0.00000000
    11.22462048    23.32993557     0.00000000
    11.78585151    24.30201622     0.00000000
    12.34708253    23.32993557     0.00000000
    12.90831356    24.30201622     0.00000000
    13.46954458    23.32993557     0.00000000
    14.03077560    24.30201622     0.00000000
    14.59200663    23.32993557     0.00000000
    15.15323765    24.30201622     0.00000000
    15.71446868    23.32993557     0.00000000
    16.27569970    24.30201622     0.00000000
    16.83693072    23.32993557     0.00000000
    17.39816175    24.30201622     0.00000000
    17.95939277    23.32993557     0.00000000
    18.52062380    24.30201622     0.00000000
    19.08185482    23.32993557     0.00000000
    19.64308585    24.30201622     0.00000000
    20.20431687    23.32993557     0.00000000
    20.76554789    24.30201622     0.00000000
    21.32677892    23.32993557     0.00000000
    21.88800994    24.30201622     0.00000000
    22.44924097    23.32993557     0.00000000
    23.01047199    24.30201622     0.00000000
    23.57170301    23.32993557     0.00000000
    24.13293404    24.30201622     0.00000000
    24.69416506    23.32993557     0.00000000
    25.25539609    24.30201622     0.00000000
    25.81662711    23.32993557     0.00000000
    26.37785814    24.30201622     0.00000000
    26.93908916    23.32993557     0.00000000
    27.50032018    24.30201622     0.00000000
    28.06155121    23.32993557     0.00000000
    28.62278223    24.30201622     0.00000000
    29.18401326    23.32993557     0.00000000
    29.74524428    24.30201622     0.00000000
    30.30647530    23.32993557     0.00000000
    30.86770633    24.30201622     0.00000000
    31.42893735    23.32993557     0.00000000
    31.99016838    24.30201622     0.00000000
    32.55139940    23.32993557     0.00000000
    33.11263043    24.30201622     0.00000000
     0.00000000    25.27409686     0.00000000
     0.56123102    26.24617751     0.00000000
     1.12246205    25.27409686     0.00000000
     1.68369307    26.24617751     0.00000000
     2.24492410    25.27409686     0.00000000
     2.80615512    26.24617751     0.00000000
     3.36738614    25.27409686     0.00000000
     3.92861717    26.24617751     0.00000000
     4.48984819    25.27409686     0.00000000
     5.05107922    26.24617751     0.00000000
     5.61231024    25.27409686     0.00000000
     6.17354127    26.24617751     0.00000000
     6.73477229    25.27409686     0.00000000
     7.29600331    26.24617751     0.00000000
     7.85723434    25.27409686     0.00000000
     8.41846536    26.24617751     0.00000000
     8.97969639    25.27409686     0.00000000
     9.54092741    26.24617751     0.00000000
    10.10215843    25.27409686     0.00000000
    10.66338946    26.24617751     0.00000000
    11.22462048    25.27409686     0.00000000
    11.78585151    26.24617751     0.00000000
    12.34708253    25.27409686     0.00000000
    12.90831356    26.24617751     0.00000000
    13.46954458    25.27409686     0.00000000
    14.03077560    26.24617751     0.00000000
    14.59200663    25.27409686     0.00000000
    15.15323765    26.24617751     0.00000000
    15.71446868    25.27409686     0.00000000
    16.27569970    26.24617751     0.00000000
    16.83693072    25.27409686     0.00000000
    17.39816175    26.24617751     0.00000000
    17.95939277    25.27409686     0.00000000
    18.52062380    26.24617751     0.00000000
    19.08185482    25.27409686     0.00000000
    19.64308585    26.24617751     0.00000000
    20.20431687    25.27409686     0.00000000
    20.76554789    26.24617751     0.00000000
    21.32677892    25.27409686     0.00000000
    21.88800994    26.24617751     0.00000000
    22.44924097    25.27409686     0.00000000
    23.01047199    26.24617751     0.00000000
    23.57170301    25.27409686     0.00000000
    24.13293404    26.24617751     0.00000000
    24.69416506    25.27409686     0.00000000
    25.25539609    26.24617751     0.00000000
    25.81662711    25.27409686     0.00000000
    26.37785814    26.24617751     0.00000000
    26.93908916    25.27409686     0.00000000
    27.50032018    26.24617751     0.00000000
    28.06155121    25.27409686     0.00000000
    28.62278223    26.24617751     0.00000000
    29.18401326    25.27409686     0.00000000
    29.74524428    26.24617751     0.00000000
    30.30647530    25.27409686     0.00000000
    30.86770633    26.24617751     0.00000000
    31.42893735    25.27409686     0.00000000
    31.99016838    26.24617751     0.00000000
    32.55139940    25.27409686     0.00000000
    33.11263043    26.24617751     0.00000000
     0.00000000    27.21825816     0.00000000
     0.56123102    28.19033881     0.00000000
     1.12246205    27.21825816     0.00000000
     1.68369307    28.19033881     0.00000000
     2.24492410    27.21825816     0.00000000
     2.80615512    28.19033881     0.00000000
     3.36738614    27.21825816     0.00000000
     3.92861717    28.19033881     0.00000000
     4.48984819    27.21825816     0.00000000
     5.05107922    28.19033881     0.00000000
     5.61231024    27.21825816     0.00000000
     6.17354127    28.19033881     0.00000000
     6.73477229    27.21825816     0.00000000
     7.29600331    28.19033881     0.00000000
     7.85723434    27.21825816     0.00000000
     8.41846536    28.19033881     0.00000000
     8.97969639    27.21825816     0.00000000
     9.54092741    28.19033881     0.00000000
    10.10215843    27.21825816     0.00000000
    10.66338946    28.19033881     0.00000000
    11.22462048    27.21825816     0.00000000
    11.78585151    28.19033881     0.00000000
    12.34708253    27.21825816     0.00000000
    12.90831356    28.19033881     0.00000000
    13.46954458    27.21825816     0.00000000
    14.03077560    28.19033881     0.00000000
    14.59200663    27.21825816     0.00000000
    15.15323765    28.19033881     0.00000000
    15.71446868    27.21825816     0.00000000
    16.27569970    28.19033881     0.00000000
    16.83693072    27.21825816     0.00000000
    17.39816175    28.19033881     0.00000000
    17.95939277    27.21825816     0.00000000
    18.52062380    28.19033881     0.00000000
    19.08185482    27.21825816     0.00000000
    19.64308585    28.19033881     0.00000000
    20.20431687    27.21825816     0.00000000
    20.76554789    28.19033881     0.00000000
    21.32677892    27.21825816     0.00000000
    21.88800994    28.19033881     0.00000000
    22.44924097    27.21825816     0.00000000
    23.01047199    28.19033881     0.00000000
    23.57170301    27.21825816     0.00000000
    24.13293404    28.19033881     0.00000000
    24.69416506    27.21825816     0.00000000
    25.25539609    28.19033881     0.00000000
    25.81662711    27.21825816     0.00000000
    26.37785814    28.19033881     0.00000000
    26.93908916    27.21825816     0.00000000
    27.50032018    28.19033881     0.00000000
    28.06155121    27.21825816     0.00000000
    28.62278223    28.19033881     0.00000000
    29.18401326    27.21825816     0.00000000
    29.74524428    28.19033881     0.00000000
    30.30647530    27.21825816     0.00000000
    30.86770633    28.19033881     0.00000000
    31.42893735    27.21825816     0.00000000
    31.99016838    28.19033881     0.00000000
    32.55139940    27.21825816     0.00000000
    33.11263043    28.19033881     0.00000000
