         300
 -2.797195547023519E-002  2.360331402999790E-002 -8.510705774997738E-003
  0.409653522799193       0.181868505233914       0.904261888182726     
  0.248996000935880      -0.814601230960799       0.521589884684492     
 -0.595569229095426      -0.223981946305890       0.811353337256433     
 -0.395461886272303       0.815015454908146       0.526782424283156     
  0.580399377193430       0.847400549468277       6.729564934321872E-002
  0.985923467611124      -0.151849239120705       7.640083276372835E-002
 -0.627417086355912      -0.807882896693373      -0.104176160028844     
  -1.04466625888852       0.190385355353694      -8.226559046988126E-002
 -0.310719468351399       0.851518769272785      -0.546417981924880     
  0.552338851101645       0.257932530364828      -0.832372824682485     
  0.349710336941319      -0.773755253140978      -0.556785989119196     
 -0.452751392952703      -0.141682288737147      -0.935150474992737     
  0.830027360443830       0.353319701681155        1.85469530240144     
  0.711518261820901      -0.660590612065776        1.47686696246266     
 -0.174691020328648      -5.797334665441688E-002   1.76096774580594     
  2.961142312315027E-002   1.00090879612786        1.48149724326509     
   1.03212168633194        1.03078561870952        1.01134594098840     
   1.45908839086262       1.680108660984797E-002   1.01890318801690     
   1.30237906148448      -0.999704052585793       0.620832279510726     
  0.555832690416069       -1.65735423839861        1.06588325319307     
 -0.319929306202905       -1.05465758649707        1.38068095899895     
  -1.18058394193188      -0.463042883944786        1.65254774565173     
 -0.985543794643871       0.566064238475353        1.38535001770526     
 -0.798516435334920        1.59582960602109        1.08289544375560     
  0.204067005041389        1.67528780638277       0.629097719988910     
   1.18720186008920        1.70144622682792       0.155338886903581     
   1.62403778441047       0.680725179161280       0.159539214580359     
   2.01846603146349      -0.339223312214302       0.142575828762643     
  0.652884153337725       -1.63911596309910      -1.978748310277755E-002
 -0.348144194744775       -1.68651060338548       0.446831417676724     
  -1.22557099011539       -1.07808797442927       0.744504683777815     
  -1.64164510437196      -5.999136877393201E-002  0.751005253685299     
  -1.44851213984820       0.998825032369067       0.460185753795409     
 -0.699779786730492        1.68863807449858       2.405455699651337E-003
  0.304088212299009        1.71879629251267      -0.461473161478405     
   1.18596166004674        1.11009765133558      -0.754776734007382     
   1.60929660120839       7.828226738525694E-002 -0.763484710838681     
   1.39244667454345      -0.955565675389913      -0.485822680295338     
 -0.261368018321254       -1.62890855442764      -0.660884695078114     
  -1.24281687381946       -1.65152651399057      -0.176635663467961     
  -1.66500146316513      -0.654655953650216      -0.180386241045757     
  -2.07901486515684       0.369069691777283      -0.177451604700676     
  -1.35652488251939        1.03785478991608      -0.648050429720231     
 -0.603926797146531        1.69939928995431       -1.08926736511801     
  0.277018104478545        1.11677497230945       -1.38873150307849     
   1.14165545107903       0.502512970836331       -1.66715357230289     
  0.953535122375305      -0.537715891407208       -1.40282629219204     
  0.748638870757595       -1.57300472363017       -1.10156346835346     
  -1.08038277987462       -1.00571546888343       -1.03973024678554     
  -1.49196531571332       1.979038358857816E-002  -1.03643092592747     
 -0.738751262074622       0.706492612488119       -1.51222134248169     
  0.133276648667523       9.911540857264896E-002  -1.79196245062097     
 -6.530471081482830E-002 -0.964967958298040       -1.51014752257426     
 -0.889817741998983      -0.314631900634984       -1.87847361828076     
   1.27682079256834       0.512542422873505        2.81813146648701     
   1.14823817228756      -0.498612011117434        2.44440610496640     
  0.255027076570556       0.119966801096714        2.73486450518627     
  0.469413636359959        1.17981257486123        2.44986203403731     
   1.46746685821385        1.21785949044778        1.97427848853523     
   1.89744785613521       0.197164676265849        1.97091569437369     
   1.76031786056018      -0.838450833390248        1.58315584340748     
   1.00824613529755       -1.51136128693108        2.05003972094184     
  0.129835657064846      -0.910194052796013        2.36559297069004     
 -0.763128061509975      -0.297609684346235        2.62521559420307     
 -0.563918839699538       0.761840963132777        2.35177007936890     
 -0.352565915449618        1.81667809892778        2.04552895358717     
  0.661838611558492        1.87476760408080        1.59180942583940     
   1.65914065395081        1.90260190505988        1.11518012169012     
   2.09644724239204       0.873168426070952        1.12214136756950     
   2.50946987517883      -0.160442461918602        1.09518485451363     
   2.35532587453107       -1.19729136627116       0.700807934463953     
   1.61276838972811       -1.86496436819546        1.16611992064662     
  0.852653495983788       -2.51857702430876        1.62387510283633     
 -2.502116194387604E-002  -1.94364394698688        1.93063812440260     
 -0.890591300787205       -1.33143561007181        2.22496990893056     
  -1.76419648230644      -0.709742828143435        2.50890381489629     
  -1.59159652393194       0.348727164114917        2.24765963816759     
  -1.37394608178220        1.39242806480863        1.95659275220157     
  -1.18427273047024        2.43108096127259        1.63963404054223     
 -0.185408924877080        2.49179665168417        1.19409385970287     
  0.836665239831159        2.54742802271988       0.732611365776685     
   1.83798552823779        2.55373977937691       0.238102450011047     
   2.25859838727164        1.54175366935662       0.254063605800051     
   2.67692565960902       0.507632558615719       0.245925109805145     
   3.07693603309486      -0.516615917012764       0.236900379570508     
   1.71389586364591       -1.83506369979879       5.438130792918659E-002
  0.965610484839176       -2.50447342971489       0.530813974589553     
 -5.427722722715954E-002  -2.55289791249719       0.999133958154161     
 -0.944492158832009       -1.95577929445064        1.32288196039867     
  -1.82872826428558       -1.33359597033204        1.58857321677226     
  -2.24601005794827      -0.303829889759764        1.61019826127065     
  -2.05412995553565       0.758506684903611        1.32349058189668     
  -1.86122095586403        1.81490188810498        1.02387126716409     
  -1.09846850362513        2.51223512113835       0.553543932377337     
 -8.048690611635027E-002   2.57237396135120       8.737688677081928E-002
  0.926134752649847        2.57823826114436      -0.389300300628606     
   1.82730045908387        1.97188513735272      -0.686753313729989     
   2.26207781820774       0.960831723801537      -0.684651073400652     
   2.65650323844839      -8.004742027141078E-002 -0.695785080569088     
   2.44404988143938       -1.14751517329342      -0.402987043691550     
   1.03806748612810       -2.46716839356601      -0.579564217446618     
  4.155639885153675E-002  -2.53070601458018      -0.110139905176636     
 -0.985246593591515       -2.54086484358426       0.369472828542823     
  -1.86751185281995       -1.93497834162779       0.663768959751778     
  -2.29382636812507      -0.901190945939877       0.671771159563618     
  -2.69186409707312       0.124586092992670       0.671315271982657     
  -2.50393868479852        1.19194015016847       0.388512365818833     
  -1.76945466737382        1.88181836154302      -8.303233014562755E-002
  -1.00253626820284        2.54412742113122      -0.549847716335865     
  1.546723165383652E-002   2.58046403079532       -1.02022223839434     
  0.907026721649753        1.99857687573550       -1.33323550762717     
   1.77475673591310        1.35526849321867       -1.60784940502334     
   2.19771216214680       0.333148187071740       -1.62696843569287     
   2.01605597174316      -0.734587078356815       -1.34723973242405     
   1.79882186494018       -1.78608295882983       -1.04975077476134     
  0.118304649288916       -2.45628904138138       -1.22054723554635     
 -0.883019654745484       -2.49855441657934      -0.746880721980184     
  -1.88097843404872       -2.52469278034560      -0.271325015172759     
  -2.30801267555662       -1.51657783126217      -0.266868467361940     
  -2.73258872366698      -0.476244156955871      -0.257825183641099     
  -3.13145885622094       0.556635102145690      -0.253055536031913     
  -2.41548349765893        1.23260035838529      -0.733273948903144     
  -1.66989827576483        1.91607711609317       -1.18256393249349     
 -0.882036220478872        2.56488676653174       -1.65115331657989     
 -2.202113456587295E-002   1.97562976694262       -1.95517118774959     
  0.875581828966256        1.37044173553624       -2.25449509251127     
   1.72815695389119       0.739697439859171       -2.52193193292152     
   1.54443433812825      -0.315192909423996       -2.26409832889287     
   1.32939841733809       -1.36209671876114       -1.98823692572026     
   1.13969474807577       -2.39106082107520       -1.66700773095801     
 -0.695383501569097       -1.83812905862016       -1.64006300223687     
  -1.71128945602899       -1.86155470401112       -1.13990183851117     
  -2.14737685271895      -0.843812465548778       -1.16350358753867     
  -2.54755422626871       0.186316055077682       -1.13017673420376     
  -1.81712206066708       0.906590258996419       -1.62047619772810     
  -1.06484418300156        1.56145464389772       -2.07217217044269     
 -0.152774616405409       0.960533061347063       -2.38111639594694     
  0.721783300634825       0.332399035438159       -2.65562505751812     
  0.513083574552044      -0.730266606928960       -2.38315728843973     
  0.316249827258259       -1.77442369399165       -2.08284254347967     
  -1.52462125943539       -1.19339853052176       -2.00985171686346     
  -1.94491663642929      -0.140728283841911       -1.99735907851768     
  -1.19068397311172       0.531695727736516       -2.46001410231161     
 -0.313554633453232      -9.063912793596639E-002  -2.75603458516938     
 -0.513868146518924       -1.14612452970282       -2.47557690612232     
  -1.32784139224803      -0.506844045045406       -2.83613783338266     
  0.451511366000512        3.38594009261429        1.28428717276317     
  0.712968371996161       -2.61052966596453       -2.65826780884449     
 -0.734314852736995        2.65483458678015        2.64151642932855     
   2.33980504713024        1.01538987147065       -3.40362365323974     
   4.16573085911662      -0.663576253184586       0.319916937295864     
   3.28458367539662       0.166202443997051       -1.55389759813689     
  -2.39857243580777      -0.951048258228827        3.37982144811906     
   1.61074499637551      -0.336799660806466        3.41632398276172     
   1.15125692666193       -3.40468426213869        2.20510788142524     
   1.72375382325008       0.702052278201677        3.80898046390784     
  -2.19194021559342       -2.06197193343485       -2.12083746749059     
  -2.92669278523512        2.01593695142764       0.960075996238337     
  -1.39798020576453        3.38763961685935       1.602516932755998E-002
  -2.27178277411169        2.64350571255951        1.60585466642204     
  -1.15790879273967       -2.04735818589298       -2.59939774288661     
  -1.17575110591099        3.47377162111932       -2.19077110888981     
   2.41549986947748        2.24713593932986       -1.54066149909796     
   1.91626327884751        1.39525207810746        2.94262650667112     
   3.33489320293691        1.38680447291612       0.336360022076574     
   1.76267756014185       -2.18185835982800       -2.56611919298776     
  -1.78000119576982      -0.674689023462381       -3.81995669051988     
 -0.961480772672450       -1.34059438110596       -3.45444549005179     
   2.46728146960607        2.85260495554114      -0.612409550610904     
  -2.96174251810537       -2.38405582855783      -0.355699377823516     
 -0.752572033850369      -0.254218774964508       -3.72787101502242     
   2.55683765629555        1.05364627150445        2.10437636973627     
   1.32820586436885       0.591875415571004       -3.52356119340737     
  -3.76966229899508       0.290681497903138       0.591529516028812     
   2.38047575407252        1.61521702340595       -2.48235976467320     
   2.63882926051477      -0.489340804568053       -2.21735746205290     
   1.46637894064764        1.63209503567469       -3.12815699759457     
  -3.39724319039737       -1.34854923822464      -0.360285768030092     
   3.72751741857287      -0.277208722766648      -0.626795950223051     
  -1.49747926902703       -1.58481091193460        3.10029103489919     
   1.11096564251780        2.08363207973573        2.57619314337156     
   3.57779654446668      -0.339774309808509        1.19751109340092     
  -1.57681306447059        3.27745889790515        2.21473801461365     
  -2.27800884779555       0.735529719060609       -2.58861432592428     
   2.20048714310140       -2.61666698170911       -1.62183281656032     
 -0.325665737163475      -0.136612933241731        3.61300550913039     
   1.96256463688381       -1.12704633086568       -2.87336507197032     
   2.97497198362579       2.618547327934232E-002   2.08620153906921     
 -0.567916928441394        3.34783664729409        1.75795647944978     
   2.15411764610814      -4.562739630889407E-002  -3.12738168318390     
  -3.02285249104888       2.245730431210642E-002  -2.11276523026386     
  -1.34535905169297      -0.535060025131799        3.51093361072377     
   2.92030066057230        2.42023962190917       0.336336137454484     
 -0.503290471708294       -3.33766761221137       -1.33329502504265     
   1.57361110623662        3.47179090332233      -0.317053614769341     
   2.69582539954211       -2.05661491067883        1.27365774988395     
   2.86625636778070       -1.98591472813628      -0.962640006135324     
 -0.264025641814494        3.46282151705250       -1.58559310569676     
   3.53028479616212       -1.33772873418195      -0.326188465068142     
   2.08967934884895       -1.72598457585741        2.15394120327137     
   1.92404337196261       -2.75337451691644        1.71958301348574     
  0.576089146887610        2.23475083087660       -2.83221315070894     
  -1.99906231256400        1.17014335683902        2.84692171936996     
 -0.624241697940310       -2.21144600250814        2.80932526888697     
  0.707690418652432       0.279162518530184        3.73073202091236     
 -0.457718419343190        1.83737316680685       -2.98344009029206     
 -0.295191456188950        2.85637432993309       -2.53570941493633     
   2.31421193937767        2.79075287583622        1.20476124439359     
  -3.46383496069638        1.41362434808768      -0.847527935370224     
 -0.129656462438996       0.944481675242373        3.33900288585294     
  -2.72714603790886        2.11933793854885       -1.29291112091517     
  0.536515093623604       -3.28391050594223       -1.79951270802539     
   2.79434839899196       -2.03938527482673       0.149315594685786     
  0.235326518535763       -3.42520465787978        1.56861665932361     
  -3.31810238534570      -0.107583828966354        1.53960493702272     
  -2.88112575538633        1.06342080627697       -1.71267101975244     
  -2.95899003405472       -1.77338315562459       0.581317420727860     
  -2.50446641984765       -3.43752795101613      -0.371159224364020     
  -2.85498098060035      -0.541381278261186        2.46559912796911     
   2.73405545425253        1.74491732164670        1.22311807867026     
 -0.664564775055482       -2.85796521692909        1.87364931410935     
   1.54134774838223        2.87153867484763       -1.25895501832609     
   1.43978515642346       -3.29079053076071       -1.14712652749602     
   3.17098435230430       0.709307958365173        1.23032489938532     
  -2.91105463206703       -1.16077434490970        1.53493206900425     
  -2.44718598649387        1.58419518228912        1.92411800666637     
  -1.51541846997315       -3.39524836240337      -0.846912997051234     
  -4.20016890929319       0.755506547142723      -0.349659998543268     
  -2.43222267594329       -1.58726376017532        2.48100356385311     
   2.12084308944734       -2.69171106220534      -0.498421762003968     
 -0.447217111985670       -1.17659270166838        3.23941875213794     
  -2.17942087769533        2.71947839732454       0.472075661141667     
  -2.85078664024365        2.06495400323685      -0.168816613729275     
  -1.51314398081138        1.40996335907402       -3.05000947816125     
  -1.64135544202938       0.367311758808593       -3.43317712434211     
  -1.98095606835133       -1.37347135682080       -2.97732884976893     
 -0.468518194209960        3.41472750066089       0.650330659239912     
  -1.56569146363520       -2.21918401356395        2.17400996843125     
  0.576572896891010      -0.758216682979716        3.34075852577005     
 -0.372924051744438        3.46183112972647      -0.487698682488631     
  9.954058269005474E-002   2.02306003957098        3.02950487514240     
   2.34815515756490       0.358097488540507        2.94064801072258     
  0.404560920607463       -3.38661922305934      -0.695705639561922     
 -0.596573145746419       -3.39722733704942      -0.183605909767556     
   1.46629063480831        3.42162763317665       0.808392279570979     
   2.11763551342238        2.11256407429442        2.07640051948600     
  -3.38296125715678      -0.741181977025053       0.594975620658861     
  -3.13011603343075       0.961835209342410        1.26514103766870     
  0.270371382631787       -2.81924998575351        2.51439131628671     
  0.327193221879967       -3.41051415789117       0.427300110202826     
  -1.32876219219124        2.44865400890417       -2.64256653422788     
   3.75271842230165       0.339751307505167       0.326004632099342     
 -0.129779868631993       -1.99809813635466       -3.05206552400547     
  -1.29883454192028        3.43604395259544       -1.10621893172512     
   1.48732474032180       -1.36912203573612        3.01864182522707     
   2.86123858802050        1.21686240805877       -1.54505889238539     
  -1.78867255706809        2.22627926150234        2.53824993410859     
  -1.34651898165531       -2.70992004541479       -1.71852916233579     
  -3.80601716333733      -0.302302027957884      -0.349601663162014     
  0.432876929295443        1.20942759068028       -3.25988964797498     
  0.284917898019836       0.178709715326299       -3.64252288072019     
  -2.38325097749524      -0.317697446637485       -2.97463983838723     
   2.04910798681283       -2.71466455941469       0.615319463461016     
  -2.19219405847095       0.110778407766694        3.11948980867700     
  0.277995504528753        2.70365214000093        2.15035170977225     
  0.906438473756845        1.34593091915291        3.43459298249612     
  -1.96152390476917        2.79272153172461       -1.77145008975313     
  -2.61296213919850       -1.01524182503310       -2.12068602066312     
   1.12982616580086      -0.479743069192516       -3.27292769430520     
  -1.60712626523913       -2.81844453796479        1.22647518987416     
  0.429066033422201       -1.79987859705143        2.96102219262931     
   2.43516762109370       -1.55337105196974       -1.93061546637288     
   1.54865827125232       -3.23614258898175       -2.25405640876513     
  -2.66925274705561       0.525591987313330        2.17947385502470     
  -2.48882753791430       -2.21316257241494        1.52605363376466     
   1.51758740601876        2.26524209238382       -2.18861725961873     
  0.613444973785200        2.87543831474099       -1.91115213332170     
   1.31166293937900       -2.38539001138120        2.60740303425677     
   3.32650265766378       0.795421808988436      -0.606279699952851     
  -3.60247243915552       0.378203245927243       -1.23951217696235     
 -0.622902441449260       0.807599394276722       -3.36594629193557     
   1.23698738034799       -3.38801235752603        1.09271556142126     
  -1.62990890202536       -3.43775361348577       0.284600797627561     
   2.81840265969280       0.589651744126307       -2.48864674557807     
  -2.35592806573644       -2.72666398306403       -1.22073949381097     
  -1.16275547880892       0.527986139602603        3.25289126134796     
   3.09610381752682      -0.924886232050666       -1.27700410519872     
   2.85190060369558       -1.02608914086682        1.68131130305934     
   2.23404232996522      -0.677487184348341        2.55249434622675     
   3.44161779074567       -1.38713016174065       0.791770290607995     
  0.562119607634973        3.47013179730991       0.158419415787665     
 -0.951519256663707        1.60450262445258        2.94698284873733     
  8.385015822531071E-002 -0.917528036014209       -3.37985660229844     
  -2.51356348638050       -2.80973243366820       0.582573270007660     
  0.653353996508542        3.46270277995541      -0.953364873159593     
  0.924712649512658       -1.55289218933687       -2.98973061794152     
   2.47267825358093        3.44266091795106       0.332011667346862     
  -3.21552724779890      -0.676342958763017       -1.24232957229466     
 -0.688740563281566       -3.41826431146137       0.929082636044693     
