         147
  2.332137613782793E-003  5.471970733505481E-004 -1.152685955576156E-002
 -0.481699973189960      -0.325275806200892       0.852076178672554     
 -0.231258337090949       -1.00710612847064       5.070106879866272E-002
 -0.995570382093444      -0.245571526781782      -9.313671228239011E-002
 -0.681514473144742       0.639136775936434       0.430264223411243     
  0.278956770451613       0.448674272793492       0.891835091528474     
  0.560482072702491      -0.558258806955145       0.648006694263562     
 -0.272784914840863      -0.446797476494633      -0.894619140545427     
 -0.561673002847715       0.578796870416893      -0.648460024709451     
  0.227539042213453        1.01683669561893      -4.003499183660257E-002
  0.998990442519884       0.259929364417918       9.371739738678621E-002
  0.679412691022137      -0.646879882526909      -0.424764705683169     
  0.472014133121640       0.343967334011509      -0.867793751687114     
 -0.959916123387431      -0.667723432544629        1.73424548932535     
 -0.707262244455967       -1.36550502951524       0.918148957012066     
  -1.50153222430065      -0.601517963953678       0.786622749783243     
  -1.18710886785062       0.320520934516886        1.32218084857101     
 -0.194419479059589       0.116271920228244        1.78499823606098     
  0.102328096179089      -0.928572805182361        1.54468434297695     
  0.351569174011683       -1.62464754107867       0.719473580548920     
 -0.450626003644678       -2.04483178537002       7.085439871210047E-002
  -1.25538519484773       -1.29092006893252      -5.682174772335736E-002
  -2.01344498643515      -0.521101646106830      -0.181966364511280     
  -1.71938508301062       0.401477010845180       0.343210905475207     
  -1.37419855116524        1.30569273900929       0.874472282725157     
 -0.408023627817588        1.10782574851496        1.35765961647006     
  0.586054922601905       0.910031455942385        1.80802594562542     
  0.880418667471783      -0.120459238342971        1.57241485695003     
   1.14508552576907       -1.15880423256926        1.31022248599904     
  0.475810475611152       -1.69344664377474      -0.382286374584014     
 -0.518897221120852       -1.47759204925792      -0.862543184910901     
  -1.31392012299136      -0.704162623292018      -0.998668017896308     
  -1.60413281128242       0.342078712208172      -0.758074376772618     
  -1.27836762907749        1.24904621373601      -0.227655752197402     
 -0.462042342113186        1.68813464219941       0.406909651148561     
  0.524280239516169        1.48608472849812       0.874223646472594     
   1.32151146862588       0.716637457989700        1.01234583564990     
   1.60068269809993      -0.323777946369043       0.757139447528688     
   1.27513495905207       -1.24825280585943       0.225907790421781     
  0.399352972569000       -1.13491720492612       -1.35111468706358     
 -0.583872371062559      -0.903002364514223       -1.80248822723750     
 -0.885303718453938       0.147437259980395       -1.57734543335724     
  -1.15003180297704        1.17283554933629       -1.31280474309485     
 -0.350570592320560        1.62445064914844      -0.712768760488303     
  0.460978596090426        2.04829824903516      -8.703736682964497E-002
   1.26269738062018        1.29762896389185       4.269821939989901E-002
   2.03052571666669       0.516727402580341       0.172775776694565     
   1.70830523147241      -0.401067484807982      -0.353754167197228     
   1.35986556321487       -1.31782803337599      -0.879747471329976     
  0.189497161189508      -0.105913625938104       -1.78960431779299     
 -9.861929144752468E-002  0.937517934601732       -1.55334783501398     
  0.719409996049112        1.38078502862238      -0.911046755714178     
   1.49948883815684       0.597896455381595      -0.789923540674443     
   1.17823627750046      -0.330978106037215       -1.31614183016025     
  0.972859733238410       0.673101899772767       -1.74489190218815     
  -1.46157714694795       -1.02630617997837        2.65846060772907     
  -1.20243354959385       -1.73137679981565        1.81987813519840     
  -2.02437055697256      -0.941831908210994        1.68978716968991     
  -1.69144707593049      -9.821148469733473E-003   2.23478452930266     
 -0.678940539569451      -0.218784105715343        2.71287387288823     
 -0.389885357769823       -1.28682720919391        2.45425475354105     
 -0.146268375369677       -1.99030707314185        1.61953607225439     
 -0.958478599046231       -2.42732718506879       0.970819646032956     
  -1.75358460000311       -1.66316562311111       0.844624878769751     
  -2.55533376619285      -0.877138437007109       0.713268516954701     
  -2.24629675044355       4.877030516093701E-002   1.25070418107635     
  -1.91001355358180       0.985134678471827        1.78915941947234     
 -0.905659252232225       0.791823401406613        2.27458176497204     
  0.102225236950134       0.583691419945302        2.72740188493149     
  0.390481293599179      -0.483080529480070        2.51591364315483     
  0.674553854027960       -1.54481156964419        2.22250771008812     
  0.930948003675743       -2.24051454806500        1.36335519939087     
  0.101015084459994       -2.69344149483469       0.753647934259957     
 -0.721230902246864       -3.12068375718076       0.119308254904074     
  -1.49995820181840       -2.35254966792576      -1.449263669585266E-002
  -2.29269584821511       -1.57977264473224      -0.145921129080480     
  -3.09005692810645      -0.801773196493546      -0.269079496567061     
  -2.77594465089878       0.125827235161836       0.271071421332572     
  -2.43918004758569        1.05496144682286       0.816591514729575     
  -2.09766574251215        1.98903558715008        1.33606488620466     
  -1.11218742259432        1.79742729271938        1.81905731266929     
 -0.107816187393443        1.58315650245895        2.28206310939177     
  0.907052380134120        1.38383616959973        2.74346580268655     
   1.19121200518483       0.338941215203177        2.52069328339852     
   1.46628509077931      -0.718495801627969        2.26905604588602     
   1.73284622686153       -1.76236680881868        2.01110806140151     
   1.05798278423061       -2.32533371122488       0.277717600615821     
  0.243317311463973       -2.77184865010196      -0.357804740616061     
 -0.765237699305120       -2.54497659495026      -0.852227850358571     
  -1.57068850295005       -1.75722024140104      -0.989856880314500     
  -2.36720168034580      -0.973777447220236       -1.10661767622238     
  -2.66777579880766       5.854970352260989E-002 -0.846629842109323     
  -2.36207118437428       0.999236791610327      -0.320642136709501     
  -2.00214533969841        1.92190041122094       0.227869145250838     
  -1.18046576680416        2.37350603390897       0.845286107844686     
 -0.171632768551363        2.19400631053292        1.34692254929475     
  0.839006227598582        1.97121509417204        1.79174611532771     
   1.63456235058385        1.20082432526035        1.93514149410263     
   1.94647396890992       0.132913435934266        1.70874908464478     
   2.20819815656840      -0.919887634890870        1.42735086375032     
   1.89624507588026       -1.87684438403892       0.899896697564433     
   1.16439757911994       -2.39473034935935      -0.849046783016274     
  0.183880682345266       -2.19435490626184       -1.31222660962573     
 -0.821060608014417       -1.96295195572112       -1.78658537963310     
  -1.64258386602417       -1.17765304514025       -1.94364229935322     
  -1.94422615534183      -0.139317963139004       -1.69203002931657     
  -2.21882186631754       0.915029361517667       -1.45139466238589     
  -1.88502162952675        1.85854300594600      -0.886626403502161     
  -1.08193142716029        2.32864083840265      -0.278111472548779     
 -0.237865194821433        2.75392714171605       0.377289702213046     
  0.749814556730917        2.54331029961622       0.840734363367639     
   1.58166229742317        1.77739400617539       0.972667772587983     
   2.37182273788016       0.990527789814414        1.10478137112142     
   2.64695810119919      -6.244804045439703E-002  0.844182908859958     
   2.32649883878102       -1.01800795870607       0.326363725408686     
   1.99869479368515       -1.93045634110592      -0.211948409924449     
   1.10484454422777       -1.81191280768144       -1.83280311099944     
  0.116794044947855       -1.58803820240599       -2.28525812995686     
 -0.890121041837634       -1.38777779848788       -2.73759728057224     
  -1.18416232687064      -0.332817870748581       -2.52420027607191     
  -1.47307326545087       0.728534135347698       -2.28009014839409     
  -1.76243899979237        1.77324366078665       -2.00312107028906     
 -0.933594970980286        2.23304079578665       -1.38953710291250     
 -0.132783455994985        2.69993207499016      -0.742815639279778     
  0.710102216646919        3.11163527244070      -0.135199751769329     
   1.50463607003559        2.33762098119559      -1.221097367858181E-002
   2.31237745261737        1.57377360155479       0.133755886052468     
   3.10315527942754       0.786166567311376       0.273782358874361     
   2.78356224344251      -0.152706110905493      -0.250114868573661     
   2.43906093175610       -1.08341745990405      -0.784866015765087     
   2.10244605519198       -2.00975089200414       -1.31378318496523     
  0.898872191703963      -0.797693447714408       -2.27657362204975     
 -9.066657223651786E-002 -0.581430411841357       -2.74280686849966     
 -0.391409440057773       0.475150626103145       -2.51281765881264     
 -0.684769069270370        1.52405024213816       -2.25071139102419     
  0.136204358015028        2.00588061571986       -1.62398621528187     
  0.953919743047651        2.44334340074239      -0.981172077219419     
   1.78279310674463        1.66717018885380      -0.864752755883908     
   2.55817596901321       0.887604478775761      -0.715992713533628     
   2.24924585865162      -6.988604835705174E-002  -1.23868331259313     
   1.90029267207471      -0.997355012694754       -1.77586599653738     
  0.694827560643375       0.226081102217412       -2.71113574072675     
  0.396028130552077        1.30050228206782       -2.44499537888952     
   1.21816253998614        1.73420598467342       -1.81735566746043     
   2.02888212137399       0.952844432203687       -1.69581417108499     
   1.68935004048916       6.183309251212657E-003  -2.22025156914277     
   1.47064630557569        1.03042021223809       -2.63432690382079     
