                   147
 -2.788207591042733E-002  2.252727632930719E-002  1.139422862471405E-002
 -0.397826168657659       0.928265651448143      -0.316464109572805     
  0.642019642924393       0.801614608353411       2.214768353192905E-002
 -0.126840359332586       0.759194817026849       0.717321027542288     
  -1.01837653801746       0.191368427197564       0.235003646052027     
 -0.693091716447314      -5.003769175286679E-002 -0.773977398905450     
  0.334137206931539       0.353433079145442      -0.903807618639025     
  0.680354958935057       4.609538025949460E-002  0.780795623930582     
 -0.317774723262159      -0.259318768534517       0.957632202024750     
 -0.643835012342132      -0.812735097090595       1.429057419027849E-002
  0.151004459773661      -0.691584467676171      -0.711975250554780     
  0.964183531583646      -0.217077222798837      -0.257039134173799     
  0.335886334419580      -0.882741591940662       0.380102624105651     
 -0.837449459811686        1.83666125469378      -0.672869234589201     
  0.310342756570455        1.70359666707991      -0.390115141176381     
 -0.489969899872000        1.69813723165143       0.362586360374432     
  -1.44741483802512        1.13223547847407      -0.115939435764944     
  -1.03439742708616       0.918440088910460       -1.16015912387382     
 -1.781050641442455E-002   1.26288642226818       -1.30913405669975     
   1.01872051855703        1.13754092317887      -0.982302838961461     
   1.34853806424572        1.59940528449990      -2.021452455281542E-003
  0.509686821043540        1.58934816036292       0.719619325764054     
 -0.314294093937567        1.48448412789377        1.47192363040239     
  -1.16916962950105       0.972976109243261       0.932744142668299     
  -2.03868017140292       0.366649834728315       0.525820525637336     
  -1.74910710671041       0.191531625872343      -0.584355618023422     
  -1.36834048873407      -4.964197336426698E-002  -1.58006139677731     
 -0.361498851610565       0.265356683549816       -1.73344828106808     
  0.653271141734768       0.630994346767975       -1.89394858780109     
   1.62984824531652       0.573841235554349      -0.287283662355090     
   1.39173079203578       0.853639967582114       0.816136863682985     
  0.550021542908900       0.765636902672792        1.55860029975071     
 -0.503967131857475       0.437459106240072        1.72005023028387     
  -1.38159611953279      -7.917295440766584E-002   1.20896009079812     
  -1.68201815921137      -0.618839096539161       0.215799771934530     
  -1.35405694301516      -0.871822833871201      -0.763583915361800     
 -0.505553700064013      -0.790672329381377       -1.54760666850402     
  0.474848112303573      -0.420746362632350       -1.68859891892804     
   1.36524528163209       7.516435199762966E-002  -1.20838822380133     
   1.68992825814558      -0.199422401025111       0.555328220874364     
   1.40329253298982       4.294712789499822E-002   1.59321355220950     
  0.357079115389530      -0.269180049001244        1.78362039078204     
 -0.696579850505663      -0.601824029853672        1.86549067391243     
 -0.995094114417233       -1.15219719336326       0.965034966751891     
  -1.33698191593350       -1.63427454687899       3.080378771198729E-002
 -0.490186051149802       -1.54748270320867      -0.704372749514068     
  0.335722093589781       -1.48887353610786       -1.49065134174067     
   1.15298288668168      -0.992507232636099       -1.03592301963372     
   1.98075713095079      -0.441640569256133      -0.503229978967453     
   1.08796174529527      -0.884975669146193        1.14722777670281     
  3.519134141580907E-002  -1.23095058233645        1.31485573166749     
 -0.264356472985249       -1.79163695197665       0.369915874208326     
  0.503247437543988       -1.63181331421057      -0.381858578470461     
   1.38408586007259       -1.09419476190837       0.103340849644280     
  0.745651535134594       -1.81589932741162       0.712959737998188     
  -1.14189478941386        2.82837419408810       -1.07195869724019     
 -6.276849563978626E-002   2.67598359224336      -0.735034869391350     
 -0.833184492926928        2.66130273511117       5.672747846946936E-002
  -1.85965970062527        2.05961157699212      -0.487247951723950     
  -1.51839132490184        1.85825206397617       -1.51673677817108     
 -0.454535121846909        2.21591141250907       -1.65220164674577     
  0.668147589074741        2.10896824209964       -1.36240289918424     
   1.00115859044419        2.60120746971602      -0.328477433999740     
  0.206203077001587        2.53659313557947       0.432034155691132     
 -0.663859711929154        2.57759218682540        1.14482655145434     
  -1.52909377303749        1.94507440489109       0.630451335826749     
  -2.46980459727471        1.32188945854149       0.109299539024719     
  -2.17638408952392        1.14960077342038      -0.972966333077052     
  -1.82761302989849       0.862732483961870       -1.96883179491960     
 -0.714670698181533        1.23668706690869       -2.10422797895226     
  0.320221195262238        1.59919867229566       -2.22451138407214     
   1.44112159228860        1.48142346052885       -1.92851875993684     
   1.65896862171029        1.98288792728043      -0.952235646825265     
   2.05763408893052        2.43032479665548      -5.195892944938163E-002
   1.26656044211294        2.38208966332711       0.723764866655409     
  0.455082282377659        2.38853048655557        1.47801404491132     
 -0.468946781715715        2.32257503026432        2.20398256745893     
  -1.34008489556530        1.82952884613639        1.68594249712301     
  -2.18254233585633        1.25184678030697        1.22902516373483     
  -3.08689704920326       0.723273323505594       0.731897114420426     
  -2.82011313698050       0.316001786264637      -0.320785443941477     
  -2.51497095012727       8.978484849770951E-002  -1.36970915051635     
  -2.08905506058252      -0.187480414739103       -2.41798639554724     
  -1.03651445358934       0.173897605807167       -2.55932250761757     
 -5.793468628829636E-002  0.622662168934933       -2.69075806132906     
   1.01904688313526        1.02190467515358       -2.85776741917266     
   2.09049132855647       0.940217699213748       -1.17583335159039     
   2.40257353799474        1.39690378604356      -0.251128740100402     
   2.09678471867205        1.69273863529531       0.778569091954833     
   1.23436621243518        1.63924856866819        1.51522938800137     
  0.363808929030580        1.60535392808976        2.34245686510141     
 -0.735916236152307        1.23126348210261        2.48284910345677     
  -1.54491633243225       0.717688583271576        1.98218347237423     
  -2.46337272889421       0.234438338601457        1.56050888973111     
  -2.75087406354031      -0.403606761182305       0.538945787667692     
  -2.44852804147559      -0.699217873369583      -0.511471066709751     
  -2.04272975388288      -0.933417325138436       -1.53362331193795     
  -1.29459974194836      -0.890812842273719       -2.41146202927207     
 -0.217774915099269      -0.509214334141473       -2.55704398599074     
  0.812777263978007      -6.489468363820497E-002  -2.68213864760933     
   1.67969755128540       0.430788018345968       -2.24365275996466     
   2.70325089582348       0.324100673168806      -0.515305227738402     
   2.40512878681898       0.612584171587481       0.562313532570322     
   2.15517277968691       0.951603746014838        1.61168697484622     
   1.30935380258003       0.847378303436739        2.32660447684254     
  0.208034986457789       0.520823028585465        2.58595966010838     
 -0.823230366565742       9.456814172938396E-002   2.68158627501659     
  -1.73302096619583      -0.389556209590223        2.16036951170736     
  -2.03187805801559      -0.968480926331698        1.20557877823051     
  -2.43976944542945       -1.44014082105687       0.297088229512242     
  -2.02898967963223       -1.70711763051681      -0.787285045741310     
  -1.21330964083920       -1.59069528405509       -1.57643677047066     
 -0.358881437627256       -1.53462374947546       -2.31856488886137     
  0.650094333366940       -1.20907805947848       -2.47959824879485     
   1.56919247223299      -0.656622804298132       -1.99232542613431     
   2.41645509463271      -6.539306669593820E-002  -1.50583786959104     
   2.72543440875269      -0.433090660953896       0.324651767057221     
   2.44152377695341      -0.178514838735597        1.37512285862688     
   2.15984560088028       6.978450394537722E-002   2.36428366970320     
   1.07081512371937      -0.198247576655235        2.64918729631619     
  1.434995525320781E-003 -0.568032173112958        2.79985115288625     
  -1.06272037183766      -0.941969442038591        2.83994901610717     
  -1.35074140040237       -1.43576643099219        1.94228070493618     
  -1.71889592811904       -2.02675531691987       0.959823608341589     
  -1.95973038399012       -2.55178186179078      -8.877170071917431E-002
  -1.17823030488802       -2.49852767878374      -0.836460201059775     
 -0.366061321647395       -2.36247696041842       -1.51071187179704     
  0.456974910831442       -2.29328491718876       -2.28161403933681     
   1.38846770746222       -1.78229954917194       -1.73299112412894     
   2.15318362179788       -1.16820633854088       -1.19342885843758     
   3.06141680211434      -0.710219097692945      -0.740651417994035     
   2.16023529748919       -1.15981741007172       0.870222477911939     
   1.88833969831022      -0.902265555423786        1.98670680632061     
  0.771320691519430       -1.20308704532885        2.12345497343296     
 -0.338201248513240       -1.56802889228884        2.25154501244270     
 -0.629310916089752       -2.16838328233904        1.38344648433347     
 -0.946276927275776       -2.61856328725114       0.346221763992090     
 -0.159201474571102       -2.50839709251728      -0.414777929660171     
  0.684437812904619       -2.47994772250969       -1.15807454017094     
   1.56812479725524       -1.92819884477750      -0.601470329824747     
   2.38314880422058       -1.37552748789434      -0.168615462670143     
   1.49972802131105       -1.84083053070692        1.52894935053907     
  0.441155505612104       -2.18431572907045        1.77689466709216     
  6.913554983224601E-002  -2.74138661761374       0.736644970613792     
  0.900532660745780       -2.62632686847499      -4.025242961441028E-002
   1.77804121903582       -2.11570604767998       0.425247679171758     
   1.11986083991295       -2.86505934509472        1.04718614990028     
