                   147
  0.545992633529734       9.135210723020010E-003 -0.104586181512877     
 -0.313366395401372       9.717779799165524E-002  0.518380777110842     
  0.121368566605308       5.001060694993299E-002 -0.134449054315947     
 -0.168784475237668      -0.111839900417779      -0.126373343282139     
  6.305211725423870E-002  0.533236466194912      -0.252236365922035     
 -0.321340362462573      -0.119932598162821       0.482418066122964     
 -0.538661253365192      -0.388904036297684      -0.342262573179862     
  0.283740884630969       0.361239043658407      -6.887352373430196E-002
 -0.478201365224804       0.285038146144163       7.536308551092652E-002
  0.182334173023083       2.579575743288552E-002 -0.299589632383430     
 -3.280458711757968E-002  4.824159032558712E-002  0.314695193223288     
 -0.159170588500846      -0.522779142776586      -0.223128783848363     
 -0.427151245457212       0.242067779032244       0.291672950904261     
 -0.133760909269224      -0.117631762805852      -0.341105348415841     
  0.293861573962571       0.704042441277058      -5.192411074379913E-002
 -1.498101194550779E-002  7.174819248837069E-002  0.486317694842284     
 -0.705439558786321       5.749607612610397E-002 -0.607556380860825     
  0.246137443842200       0.193270760986277      -0.438023975178398     
 -0.963788329354598      -0.374689128753697      -0.105255089226636     
 -0.121188250532527      -2.155368378853834E-002  6.481010085343288E-002
  1.167479839292868E-002 -4.934172542766381E-002 -0.163304548587786     
  0.310321126292973       3.987855359687706E-002 -0.811496206333791     
 -0.441132029996512       7.990556311304595E-002 -0.335868552122356     
 -0.463198128284809       0.618744338217520       0.469436154704914     
  0.179354933773216       0.203536249233679      -8.782165125821198E-002
 -0.266344751976574      -0.504385704915168       0.423958778751612     
 -0.590923050237721       0.161073121269589       3.703080625876862E-002
  2.171021008953808E-002  0.202978457254632       0.220531183226829     
  0.166429839245214       0.224479024082876       0.151723257747401     
 -0.347583067770967       4.399667973791666E-002 -0.547336430607461     
 -0.472495672387447      -0.276608651592011       0.141931455418834     
 -0.261583742473714      -1.437602386314710E-002 -0.265201654669264     
  9.341511385772611E-002 -0.721811739042694       0.449930265736209     
 -0.157921162699655       0.334947663288895      -7.108952071049525E-002
  0.215482903099000      -0.462767162718263       0.127551427501391     
  0.403533848073959       0.274195536538055      -0.395472365934500     
 -1.738201193145779E-002 -0.302204263493116       0.440570045979450     
  0.629353970183389       0.346621219908374       3.563953242700257E-003
 -0.615503305297103      -0.146677833894804      -9.803676118661087E-002
  0.517625263951012       0.587896325994445      -0.182201331025319     
 -0.500727578089726      -0.296463243088582      -0.261066887868469     
 -0.255473661830233       0.563213177435572       0.146617684883111     
  0.650413268558608       0.284657803575408       0.364267704718802     
 -0.319339540940458      -0.376521542233346      -0.142972784698387     
  0.449175789356668      -0.279806677444782      -0.131243007536273     
 -0.130281720624350       0.210147739665744       0.167010533079824     
 -0.303655242125699       4.363790905468443E-002 -0.259552103186894     
  0.211209474297242       0.214364919249365       0.293544880594406     
 -0.105443130872955       0.556930838850380      -0.116704005077611     
  0.566341217539913       0.125094123047112       0.116873462685494     
 -0.573634846456443       0.218938164892925       0.262485073077188     
 -0.566435532645415       0.530643674060908      -0.311358135229373     
  0.186588091112226      -0.345908327472555      -0.290252097660134     
  0.344264964085422       0.310002620211154       0.167509194245724     
 -0.388864344943665       0.183559257551277       0.641041872753165     
  0.373249860611192      -3.828810868727450E-002 -2.129377072836030E-002
  0.578375348061265      -0.103476453593145       0.188306653520300     
 -2.050842002907755E-002 -0.588226307184078      -1.047956554153595E-002
  0.114551977857105      -0.538769981073566       0.907870522110727     
  0.181851633580865      -4.783082262690947E-002 -0.195597432407638     
 -4.376501584159086E-002  6.511795621089190E-003  5.349579484107519E-002
  1.430904668293154E-003 -0.276029799549957      -0.877585395610012     
  0.353815112624477       0.290173193315124      -0.202986396174314     
  0.329145838465927       0.731993358445180      -5.796267716482867E-003
  0.258060993429854      -0.656433762036245      -0.796203532959715     
  7.104866169826374E-002  0.398265973357019      -0.539562797007371     
 -0.206226803222988       0.314576996185441      -0.271964596384246     
 -0.217137747075389       0.133506134764064       0.500638841404340     
  0.112915715296922      -0.543022565309745       0.101806781107229     
 -0.309778080796580       0.523438295285139       5.140630774734503E-002
  0.162308087772807      -0.173243037338400       0.139630570789072     
 -6.138600701409232E-002 -0.149737457665294       0.271088021753100     
 -0.115962743867863      -0.168484188245269       0.531350842162562     
 -0.114518540606576       0.488029229370698      -0.141571245602395     
  0.230475068645495      -0.230401517728751       0.466670496319510     
 -0.391495164424817       0.216503296484326      -0.237189162426503     
  0.348122194202040       0.304351012892822      -0.356544240605551     
  0.187113746214997      -0.308576565185430       0.161087933223389     
 -0.438262822771591      -0.239333213768625       0.350669545917404     
 -0.207094826340581       2.386282559560089E-002 -0.321451067754064     
 -0.409118460786877      -0.247319712608081       0.100723805026524     
 -0.153645066312118       0.226858253345757       0.451873879719859     
  0.138418470048504      -0.403260391755800      -0.412332510022918     
 -0.472579810319421      -0.293046438273225      -0.165642073488477     
 -0.741049843994572      -0.747480268798213       0.336974095253157     
  0.564308253264077       0.175435374520151       0.417603421141724     
  0.288343917755574      -2.805092086244373E-002  0.155510057620576     
  0.205008685239882      -0.304913580969701      -3.683819973933834E-002
  0.230870666453483       0.114572278029938       0.191593301815323     
  0.266508482200825      -0.321726062743339      -0.221208851987949     
  0.230328458337593      -0.484280067559056       5.640378407478651E-002
  0.320733133695657       2.329524341612768E-002 -0.545682729525107     
 -0.303655522302060      -0.154471911134061      -0.165891041739846     
  0.853124295492752       0.498470576458269      -0.282330279553603     
  0.115697508785665      -0.437785616784954       0.352191019852928     
 -3.124153514106434E-002  0.402968071963218       0.123000653283050     
 -4.298673450797826E-002 -0.202129641821548      -8.200036511508671E-002
  0.593170139490156       0.226344751228760       0.611929523039011     
  0.104563337668585       4.476906397822727E-002  0.453335721703396     
 -0.172026029513902      -0.202322759447758      -0.315637013282209     
  0.120260681352097      -0.735592219677854       0.554221026945573     
  0.585541470878072       4.390912778834338E-002 -0.250541168292587     
  0.149584231563880      -0.588533832107499       0.628130555189240     
 -3.246463652144137E-002 -0.260991155585369       0.217855989913392     
 -0.685684478491405       0.147777971897760       0.854439243374179     
  0.113001424458323      -0.454325302377266       0.120232391241765     
 -1.665384420208818E-003  0.177259580936998       7.126944887851419E-002
 -0.558442691354060      -8.316505113770942E-002  0.196848156453316     
  0.812499630885659       0.696202957157564       0.186084671734551     
 -0.536311278407894       0.150248203523254      -0.326822293561574     
 -0.137766135592735       0.612217206349362      -0.288635898630678     
  0.120537155604470       7.868560779501829E-002 -0.636610719929317     
  0.242984939111828       0.248382980678902       3.685892554241478E-002
 -0.172357473642124       0.113620653149002      -0.181998500845915     
  0.764183937576241       1.959758679951662E-002 -0.139582556043030     
  0.388222508315618      -8.463862818343912E-002  0.425322180930247     
 -7.902980635312641E-002  0.130218837275788       0.412602466889661     
  -1.02228746959515       0.328404639477967       0.379103473528904     
 -0.468954724936956       0.835458668928212      -0.424864028230726     
 -0.605025695893976      -0.258235827436300       7.518789568226202E-002
  0.141909044210586      -0.555461632834987      -0.396391417809247     
 -0.179642414357384       0.249663705194128      -0.877229855116690     
 -0.181182285997837      -0.660098628673391       0.594660128933352     
  0.189132709699536      -0.118145184398931      -0.401049521291471     
  2.272266168945648E-002  0.188281776346322      -0.325880697410042     
  0.321980972355699      -8.604817832010087E-003  0.178138586738587     
 -5.893928175359474E-002 -0.351914435795984      -2.285649879089156E-002
  0.178068046741648       3.466719136672441E-002 -0.186205248476242     
 -0.396627135897017       2.058908785820437E-002 -0.830046081932329     
  0.656474919996026       0.175341926433822      -0.648444940503975     
  0.407753041041788      -0.190274830306175      -0.211895526168369     
 -0.195603645686976      -0.299537987468275       0.376815448073146     
 -7.725175396404688E-003 -0.268931855865689       0.173717898345471     
 -0.178120301951707      -0.213595830923794      -0.105601397473552     
 -0.198553531521970      -0.391445640911222       0.175842538757270     
  0.344332812668031      -0.218995056919247       0.256180525774776     
  0.109297677627851      -0.126082006055649       0.482986945984093     
  0.847594592242398       0.430036590049862      -0.372872434282741     
  0.371039548078526      -0.153714812631056      -0.323451248642232     
  0.141125701551641       0.664197569201015       0.115250272566301     
  0.293934329782362      -7.594061031704215E-002  7.217306128311604E-002
  0.176085043429657      -0.317498931086676       0.110048241958784     
 -0.388969527449420      -9.100101860133170E-002  0.320536680539851     
  0.181651983808558      -0.148582484705234       0.102043191106606     
  0.105684977472007       0.352830324165742      -0.259451244967531     
 -0.241269288159117      -0.474636154851798       0.103685859628699     
  0.243095644572950       0.573327469025415      -7.207077459571073E-002
