                   147
  0.415806760981806      -0.325642437013212      -0.173756778414680     
 -0.240135507483232       8.473604276336481E-002  0.558135640655543     
  0.142012258717809      -1.092379185236379E-003 -0.123041712664292     
 -0.177736110950860       8.906864527611129E-002 -0.132072841991687     
  0.444748316945380       0.390052794652634      -4.469490599338127E-002
 -0.387071019059473      -3.536666778363831E-002  0.446425662552709     
 -0.598259071436924       0.241516027703051      -0.377229447592920     
  0.459265444566696       6.374038686829084E-002  2.754111571488066E-002
 -0.163620690543512       0.478285454140512       0.245100344964188     
  0.195060586752618       2.535442043084785E-003 -0.292591966079995     
 -3.958558600162651E-002 -6.202866269660198E-002  0.311483359099516     
 -0.433619046037707      -0.144500084727714      -0.373515743944764     
 -0.189240804472896       0.337195129277918       0.420256432602940     
 -0.123282432291494       0.140158144030169      -0.336510338232788     
  0.695632365545600       0.269609912603641       0.167727767763551     
 -3.732900882589441E-002 -0.121829616709530       0.475017077328235     
 -0.375825075295172       0.736514343555573      -0.431714790471121     
  0.375589901474837       0.116894114653117      -0.367519010411787     
 -0.931604869292764       0.451815589301079      -9.128834311656819E-002
 -0.111906188806540       4.460263678709151E-002  6.956372778292320E-002
  2.587912167553719E-004  2.028685360549801E-002 -0.169787098959403     
  0.375790704664204       0.112012464132619      -0.776305447309093     
 -0.212105472817131       0.472526285866815      -0.213354701790138     
  1.193794107958449E-002  0.537166300885028       0.727376942323030     
  0.280372084411402       4.064001336787228E-002 -3.236855027481431E-002
 -0.598254205914177      -0.296751354515850       0.243137925893509     
 -0.322729182049928       0.489461608777375       0.181049967954713     
  0.118810720594904       3.430000239952679E-002  0.273885217954784     
  0.248256871487175      -2.480896542085094E-002  0.197136276671797     
 -0.136330902378716       0.463559551183365      -0.434572540161520     
 -0.549373630207764       9.140942676665728E-002  9.870144744763748E-002
 -0.157327672334169       0.264902679710505      -0.209855225877483     
 -0.489930979917498      -0.688704551089034       0.133527114732091     
  0.123531105588341       0.346826389327229       8.145104262260834E-002
 -0.177144886319956      -0.488072916787453      -8.520687897819754E-002
  0.537155395510152       4.643836588082376E-002 -0.322069418394933     
 -0.284742096937427      -0.342290300631246       0.295788446278729     
  0.687295072069332      -0.206104795715025       3.730534454417703E-002
 -0.527604505954365       0.358951093071130      -5.251200254591143E-002
  0.798498471594176       9.154670936606246E-002 -2.783379046285511E-002
 -0.520969012312631       0.245179343035723      -0.274322547126740     
  0.173915122584563       0.479064734869110       0.379767205782292     
  0.604948247626608      -0.391805514427594       0.342468250079036     
 -0.462568898237141       2.805422205579633E-002 -0.222329499497418     
  0.154858210993271      -0.434861076883045      -0.290155426994090     
  2.237183410113482E-002  0.161364489925186       0.249977838628157     
 -0.149310856861683       0.328373974062727      -0.177073060139885     
  0.251815162975762      -0.113438617638355       0.316940311864361     
  0.318419002846647       0.469729425686358       0.113462078169517     
  0.474679741621182      -0.346331794212966       6.916467159822361E-002
 -0.305941495434051       0.432284573870064       0.406717493193591     
 -1.556572543593981E-003  0.836261026780006      -6.393904005591589E-003
 -5.453466543177733E-002 -0.241134327121703      -0.421419237227822     
  0.431789894187517      -9.638238211652680E-002  0.216673126821133     
 -0.255088005740104       0.146179210407092       0.713726775591629     
  0.246409553980237      -0.269407985135161      -8.908721365958557E-002
  0.317850696760729      -0.526564319904960       4.884431415184441E-002
 -0.410723433750999      -0.357931514649291      -0.223006495058103     
 -0.421632915882657      -0.753542736112510       0.618080223070559     
  0.128908601442345      -8.217538913017805E-002 -0.224156056552436     
 -3.539324766459804E-002  1.423588960801409E-002  5.800204846662574E-002
 -5.014200873178168E-002  0.143591583071129      -0.907313540374666     
  0.482426948705790       1.993725566791643E-002 -0.132120543712386     
  0.732836649934976       0.246703560809984       0.215110794946440     
 -0.134843330056714      -0.302866145896235       -1.01070777189936     
  0.403615776667865       0.403487823339978      -0.359282049396722     
  0.105938273334869       0.439965014394524      -0.103251106215512     
 -0.143493324494570       4.926210722235368E-002  0.540920372480835     
 -0.301335236032597      -0.460461082020621      -0.123129010982729     
  0.122583698501928       0.525243877159697       0.285805568799974     
 -2.165326880807640E-002 -0.271588017896772       4.030938012931630E-002
 -0.187263483164723      -0.153164997802531       0.202857425164510     
 -0.279417891926982      -0.223330654831193       0.442963945942157     
  0.269146631661734       0.440964401156667       6.663279989551882E-002
 -6.160870134700408E-002 -0.473811427902333       0.309341344604052     
 -9.923411495657100E-002  0.490072308460682      -7.989094340401856E-002
  0.511595595542852       8.898562923695688E-002 -0.267009177865436     
 -9.855274241660572E-002 -0.382655405028185       6.524630205084522E-003
 -0.531710827357651       1.572099917721709E-002  0.298931874723943     
 -8.353563726733848E-002  0.272990337560832      -0.255512354706053     
 -0.477545167975944       8.226381647685635E-002  6.223758624559586E-002
 -2.711792931948097E-002  8.371285781912792E-002  0.521074132951731     
 -0.109179396857466      -0.200511256547840      -0.547422880898173     
 -0.513094707113645       0.193415027627454      -0.189656629822316     
  -1.09125448934135      -9.875364839910883E-002  0.144376316682916     
  0.460844826789967      -0.422750640493443       0.364030128241551     
  0.164861118944117      -0.270015220040653       8.958258478025061E-002
 -5.264617048425467E-002 -0.320073542168570      -0.176463067469071     
  0.214267028276349      -0.153208407200881       0.183719594433292     
  8.756741978438023E-003 -0.305049845948951      -0.361020356334084     
 -0.170009493661558      -0.485852928241526      -0.160634596513973     
  0.331079710397384      -2.807181983221496E-003 -0.539963330060959     
 -0.297654953850440       0.167616771146156      -0.163994608942815     
  0.995300809426063      -0.156134596657703      -0.202491116817056     
 -0.266831431425361      -0.486677071683643       0.145007204541584     
  0.230859592378470       0.233528109801229       0.265813716326477     
 -0.154942167314137      -6.999638994810613E-002 -0.143254115151381     
  0.486074752407814      -0.480826468955443       0.556846247883429     
  3.568083541474421E-002 -0.207948926243233       0.417055343215517     
 -0.212028584989836       0.102673015527269      -0.338609375245771     
 -0.495985906161145      -0.753810839429048       0.220196937052380     
  0.490328470624359      -0.276855520850602      -0.300810096406891     
 -0.386863210456619      -0.706773954514595       0.337791269640048     
 -0.233399818356594      -0.224335811471038       0.108763673816856     
 -0.526110884054058       0.246300689632483       0.940537751292581     
 -0.244168890973287      -0.410612005709658      -7.359323108468779E-002
  0.107608013096441       8.827275703805913E-002  0.130887366712797     
 -0.489046696163559       0.253066194400835       0.233055126911123     
   1.02740009954701      -0.173599547262608       0.306257972042897     
 -0.234555042094398       0.578590310154102      -0.165028200021080     
  0.359013535190494       0.589779918884412      -1.921006703353123E-002
  0.238261652535445       0.201368523306615      -0.573302661982833     
  0.337306148629742      -1.938854336756424E-002  8.912358049870925E-002
 -1.934975240232256E-002  0.255806445642360      -9.964364155455463E-002
  0.585527734784097      -0.453912163674210      -0.234447148151987     
  0.156974588500358      -0.472425289677700       0.301583645400396     
 -3.259903716317870E-002 -1.416998195362677E-002  0.438383355004010     
 -0.573292950741454       0.763356316898531       0.620695615777048     
  0.292221363458672        1.00640905831925      -1.290914728970322E-002
 -0.622174337574033       0.217284444240253       6.388754868004531E-002
 -0.211989950328067      -0.305900668648741      -0.589310614509406     
  0.174599299231475       0.601788544498823      -0.686659459887742     
 -0.668451845956503      -0.516265390706752       0.329878864546781     
  0.118328307084767      -5.689805787091503E-002 -0.439694448175135     
  0.193902191994436       0.223992046698012      -0.233225381463134     
  0.198755405761542      -0.288646349165986       0.112510974255745     
 -0.276797112251005      -0.176471493025499      -0.141708148640327     
  0.180490083491465      -3.036266003564325E-002 -0.184618191477833     
 -0.143883878523428       0.585176732654887      -0.695398529377450     
  0.691665208831664      -9.548240736734531E-002 -0.628225517938982     
  0.197958117091493      -0.320150045969122      -0.325089679135773     
 -0.401549414328887      -0.196598947155075       0.264727399184124     
 -0.214127682829893      -0.230022394399994       6.165195179579396E-002
 -0.256441880391714       2.281345371322326E-002 -0.149059667296680     
 -0.434788267080291      -0.179821181210744       4.687535282145280E-002
  6.063022389478612E-002 -0.466671254991306       0.103413240624640     
 -8.095309471410705E-002 -0.331102884632867       0.380705293922876     
  0.959031525646002      -0.162991780401166      -0.309958265201891     
  0.213417786082981      -0.231158473843110      -0.408580357656483     
  0.532835725814963       0.286470175860750       0.329208790185106     
  0.149379695391844      -0.273916506340675      -5.363902839025372E-003
 -0.104657569089355      -0.362225769870564      -4.196920529399105E-002
 -0.391284398153279       8.808602969416487E-002  0.318527256881975     
  1.475363399727117E-002 -0.255196313102222       1.200761828558555E-002
  0.354657348329775       0.248612229206154      -0.124030743746065     
 -0.510667317135118      -0.177643586031129      -4.362056785818580E-002
  0.573808012942703       0.227874399633077       0.108681635867629     
