                   147
  0.485099407961244      -0.144861813287390      -0.229833193324798     
 -0.159383056903790       0.492040062113823       0.329930705928420     
  6.879060815214622E-002 -8.391838199492517E-002 -0.153406308107561     
 -0.180911308117751      -0.144756172648333       5.730037848347375E-002
 -8.810488573408259E-002  0.151005729409086      -0.566899181035966     
 -0.147093357166929       0.324700663432556       0.472550177880935     
 -0.555143058435550      -0.437260224647586       0.243239891747337     
  0.198122540639864       0.146316693078609      -0.393808307127884     
 -0.470486148865414       0.305821621509101      -2.681053265475067E-002
  8.183889324751560E-002 -0.231092375766076      -0.252118680386835     
  5.375671639874753E-002  0.270715621429717       0.162048524729126     
 -0.142608572578630      -0.486194465456820       0.302815949602758     
 -0.353248485067133       0.432456597863255       0.119686695972296     
 -0.209414100199756      -0.313476584204052      -7.720257107454567E-002
  0.164793420211478       0.381132109005831      -0.642112093942657     
  0.117268801855496       0.411767177756454       0.242018498455869     
 -0.852468540933661      -0.321993933748869      -0.199230567791711     
  7.859077272029397E-002 -0.233726201411947      -0.478537129553436     
 -0.890579512972295      -0.194439380843751       0.499419642250451     
 -9.284791237611351E-002  5.046981322971811E-002  9.046306232146797E-002
 -2.956619940236983E-002 -0.155618583412750      -6.440480358376605E-002
  5.211197135830670E-002 -0.621054383534670      -0.606622937654334     
 -0.526392478744744      -0.139812835191250      -0.130970915270424     
 -0.388225581811546       0.815541970431936      -4.404040824067378E-002
  0.115814528964614       4.325876178593619E-002 -0.256950411286069     
 -5.839212490187183E-002  2.306897907424491E-002  0.707915033222708     
 -0.571030840358201       0.211403534122958       7.575095662818362E-002
  5.637190907636426E-002  0.294057653103792      -2.564945662589196E-002
  0.170337411953984       0.237433613984347      -0.125379885248883     
 -0.494347058621704      -0.333532236330630      -0.258271365155940     
 -0.367343029882747      -1.145371349036703E-002  0.429926686124005     
 -0.322732297246694      -0.172464796932519      -7.116459907060577E-002
  0.320027048281409      -0.147249365765112       0.779792361332430     
 -0.216897906516121       0.186372503782210      -0.245770906961797     
  0.305642878401744      -0.235239446437050       0.357911342092163     
  0.228654957184488      -0.170174644850896      -0.559623669818773     
  0.153874823371746       0.134118300868692       0.494030704239064     
  0.548365258439338       0.144799839023488      -0.441105363370941     
 -0.590638233417816      -8.679441265376711E-002  0.231480278833553     
  0.354904756304005       0.178346642820411      -0.699278498148630     
 -0.508519718477600      -0.321437305724627       0.211802351997056     
 -0.277761627880924       0.510701817136341      -0.256913901330939     
  0.681867993777229       0.370823739406148      -0.185214035941204     
 -0.291307306961980      -0.309660710817293       0.288855895603567     
  0.426028113157563      -0.340251983375078      -2.007018378702638E-003
 -0.104061204926950       0.279037220953501      -1.836878675274356E-002
 -0.369006696198609      -0.124815902018379      -9.865655685126951E-002
  0.255387406798944       0.330728501275947      -4.611169540545151E-002
 -0.211472715291886       0.290069143389138      -0.453926448505264     
  0.552596329116190       9.333225662393224E-002 -0.189675268568178     
 -0.497161567020755       0.415108950340514       0.162493711659222     
 -0.700767341011514       0.189066684143963      -0.415397078174758     
  0.140453525842818      -0.467046193723830       2.923400352800738E-002
  0.331319946723408       0.281282138674078      -0.231919752409115     
 -0.207218608173285       0.649977158173009       0.361156897627877     
  0.352440111496125      -9.059436618914032E-002 -9.388019497392212E-002
  0.616663110902605      -3.984603686041643E-003  1.988833926211023E-002
  5.962808851580362E-002 -0.388621472277812       0.438130628230924     
  0.447696634832096       0.311089027594118       0.911271349887152     
  0.121906412528441      -0.201413378151721      -0.134861549300067     
 -2.677249162485210E-002  5.000708783864719E-002  4.002630407118540E-002
 -0.215399374056820      -0.835200473592542      -0.319990473112036     
  0.235355948815949      -9.459344846178899E-003 -0.441709396802953     
  0.207708092066228       0.429084894052920      -0.645699898321608     
  0.104266536419729       -1.05668202983624      -6.318546805073116E-002
 -0.145278783968250      -0.152524519640050      -0.640641909037197     
 -0.318208766690989       2.959313698885596E-002 -0.336630880382701     
 -7.853059615199676E-002  0.489661372760335       0.263963300937407     
  0.212271444678215      -0.293115843047621       0.432448866578134     
 -0.351306867024192       0.420937895180041      -0.268304845972417     
  0.218421434495696      -3.036386600855251E-002  0.164996588556972     
  4.164745555212239E-002  0.112890257505412       0.291889607265495     
  6.831118203600207E-002  0.302201073173365       0.477677810770613     
 -0.217680918754012       0.227792551309034      -0.414795146575706     
  0.386050085217792       0.167388891380121       0.383316135219775     
 -0.469768244166573       1.629151960434772E-002 -0.188290262867776     
  0.183321608469615      -0.114072977473066      -0.542515382576809     
  0.267028290714521      -0.105892836751752       0.271409233293894     
 -0.279424321623242       0.164092031947891       0.517029663565896     
 -0.292855371872739      -0.196778095056856      -0.149340560377092     
 -0.323428732026366      -3.155961623775014E-002  0.364812398395300     
 -4.564544052897032E-002  0.505669407743549       0.146548355560290     
  6.735223382544175E-002 -0.589143357800126       1.305740365176918E-002
 -0.454596516257031      -0.251734659435321       0.258102416225960     
 -0.499091099704658      -0.137102838239853       0.976495801496803     
  0.631123949333900       0.350892793966730      -4.659184911177611E-002
  0.322074908722410       5.936158607533966E-002  2.926435304411455E-002
  0.225881889922411      -0.253622139957316       0.144952018861890     
  0.258267577810848       0.186945149147655      -3.854133215161304E-002
  0.232809091990434      -0.410394289394275       2.905581955997839E-002
  0.302001152280364      -0.304349343890957       0.326996254271525     
  0.141601951184901      -0.434849806597105      -0.438219791704018     
 -0.314115964659305      -0.184077295223625       0.105046634466728     
  0.655817288283449       5.971543744630603E-004 -0.791143282662917     
  0.273050863460945      -3.798238028875756E-002  0.503071803044923     
 -5.002721208228900E-002  0.358712455288036      -0.217511180678795     
 -3.633296052375515E-002 -0.187268958961224       0.114186532983243     
  0.707864058036163       0.525286576053778       2.330215261741947E-002
  0.224591817983078       0.353628985338209       0.207258517967162     
 -0.226405958632678      -0.344587777394993       1.240094916461451E-002
  0.377696548714664      -8.196849484158439E-002  0.844598114360259     
  0.475224903466836      -0.236400213466294      -0.354730789231257     
  0.406428764204988       6.517479158151560E-002  0.770625339837167     
  6.906371157060875E-002 -3.235284883086699E-003  0.334441781084865     
 -0.421099830886360       0.825479917509895       0.602765121631486     
  0.205334376029457      -0.221542365760284       0.377350506038415     
 -5.582225784673489E-003  0.168993669914215      -8.895529870046189E-002
 -0.459715304977040       0.167117070339070       0.343886006007408     
  0.726024746077590       0.484562245273231      -0.646195954287522     
 -0.623667226918155      -7.451342396907318E-002 -0.150013537038981     
 -0.299794611915575       0.202092910214131      -0.588542049604177     
 -8.206806766536789E-002 -0.439927142517844      -0.475102916250751     
  0.206050972733998       0.157082917905996      -0.234440439463347     
 -0.231937112292872      -3.879535543832660E-002 -0.142969584842788     
  0.679983396396897      -0.193236023344226      -0.322686946925419     
  0.502993219055641       0.210545742147134       0.203587040311174     
  2.704274429702136E-002  0.403404084022265       0.173139500207630     
 -0.903177211210398       0.633311006885739       0.282539935356336     
 -0.684053601257149       0.290099699747678      -0.739142745906274     
 -0.514764722129239      -3.163225093220132E-002  0.415224922750305     
  9.653313305253997E-002 -0.676947428882042       0.135001819418668     
 -0.460048259604407      -0.468046832115635      -0.658348952468927     
  9.360051267481892E-002  3.760618123648477E-002  0.901111873431232     
  7.884822797390026E-002 -0.401580102449758      -0.207573031159836     
 -9.956051111740750E-002 -0.123504373182059      -0.342051092724147     
  0.357781776223620       8.444859021769648E-002  1.843316974314932E-002
 -1.332577929802968E-002 -0.238659867439875       0.265902087001766     
  0.109544404046062      -0.140108908826939      -0.189610008167448     
 -0.619737301626939      -0.553275078036175      -0.395633490235773     
  0.408280318422758      -0.457153526065233      -0.711690092532734     
  0.350865618935927      -0.336555702278556      -0.104834842726723     
 -3.373387497417648E-002  0.112018322342406       0.506248550800855     
  8.074940911871228E-002 -4.465421423973785E-002  0.306671589354878     
 -0.169505472784760      -0.194354241503260       0.148310483815095     
 -8.215963405766005E-002 -9.752097170827437E-002  0.455316645548382     
  0.430999811117957       2.543530608562133E-003  0.215371947777585     
  0.261540634364608       0.263732529769009       0.350942579198788     
  0.633796245629460      -0.110867108540738      -0.792712253657041     
  0.278563683578105      -0.391091665256518      -0.188066168321199     
  7.441340170265542E-002  0.500284802091653      -0.467477552766699     
  0.309808207282170      -3.481129787040557E-002  1.343002368180396E-002
  0.242987908825126      -0.148337048382776       0.250749128734087     
 -0.262232091339715       0.231747075319174       0.373965059323489     
  0.222356003012041      -4.491784285780234E-002  0.118436506835924     
 -2.467438917166894E-002  2.231213321766427E-002 -0.449295942402827     
 -0.131970947183072      -0.199928590250911       0.486675799982016     
  0.129123345440995       0.287631085057241      -0.541839087064759     
