                   147
  0.272883205476509      -0.394803351327497      -0.280704020734607     
 -9.257054374690110E-002  7.673581425492057E-002  0.601583711139551     
  0.109105029665200      -2.151846154308120E-002 -0.151462821472317     
 -0.171154857747010       0.143751467760461      -8.371448193313369E-002
  0.512659777198198       0.273333676570209      -0.120035564561262     
 -0.285063455223360       9.158120353715674E-003  0.518676780374049     
 -0.577774017863595       0.420091759608823      -0.219649862544486     
  0.455835440994263      -5.280161991158758E-002 -7.191757931314605E-002
  1.937186300356289E-002  0.472833059885994       0.302748267576405     
  0.126088290060392      -1.171178873530629E-002 -0.328069652207351     
  9.018820973754650E-003 -8.537158524190935E-002  0.308329061089716     
 -0.522158461143621       7.835850430314234E-003 -0.275152509441105     
 -6.409625819726941E-003  0.323285077607151       0.470716243318456     
 -0.147482758652258       0.202896202565719      -0.291828782117125     
  0.760852110927776       7.257598661467754E-002  2.373369990765489E-002
  2.841264180199774E-002 -0.162013600026434       0.463488348670470     
 -0.249665048151970       0.849454956556922      -0.293545850434636     
  0.311318658142489       6.327734532968819E-002 -0.434602003912614     
 -0.780314596015601       0.671120630386030       0.145137009510686     
 -8.007767615449835E-002  6.220373947614469E-002  9.523530386102670E-002
 -2.857266512132994E-002  3.865995805260133E-002 -0.164098424204471     
  0.228125464195054       0.104684124081389      -0.832715797920248     
 -0.120001235702481       0.530782063174951      -0.132891519863549     
  0.297372124824049       0.432642130392611       0.736313772690623     
  0.268849567408255      -2.501563719187556E-002 -9.166224659534898E-002
 -0.593441702818504      -0.168687068655926       0.352784821857372     
 -0.140829507123851       0.529331876701119       0.276551435616016     
  0.176147748683448      -2.661802612433311E-002  0.242010415945315     
  0.267564829989598      -0.106233865025421       0.135029990225396     
 -9.521775954684983E-002  0.528787109078003      -0.365574392756057     
 -0.475133643103501       0.209865181946075       0.223860829971793     
 -0.121681123450751       0.317047439055630      -0.153750667029491     
 -0.615317131457176      -0.560242320026383       0.199221446458742     
  0.223401982067145       0.295149931407397       7.183886917699694E-002
 -0.311596043760770      -0.417872879249909      -7.173463163601596E-002
  0.454654683026514      -4.884308407726334E-002 -0.430493464940503     
 -0.298679944826303      -0.294371476887200       0.331462276556990     
  0.602802302365069      -0.369124192938668      -0.128926746991570     
 -0.415224053782761       0.479502021660288       8.738826417544843E-002
  0.772302480740842      -0.101828434326337      -0.199837877364900     
 -0.483162764652075       0.393301800730138      -0.136535410424271     
  0.365365070139820       0.376711676415580       0.358565613270977     
  0.537940362148786      -0.562618421553838       0.175610717936215     
 -0.474157681991282       0.164058341816182      -0.111565157766349     
 -2.537921190636201E-002 -0.423777506319886      -0.342116813755698     
  0.113392087129791       0.121866299707049       0.247626244463568     
 -9.098422525549332E-002  0.372573116341473      -0.119955038160480     
  0.271890888109753      -0.206035022686255       0.245673099769699     
  0.445898230126339       0.362823865747152       6.666069851513377E-002
  0.371880104912274      -0.456416243659359      -5.864913196229865E-002
 -9.454943354989533E-002  0.444686666244063       0.489084291492030     
  0.215190045747615       0.807000335209613       4.265575014434943E-002
 -0.198989811550871      -0.171599483908535      -0.411910960010953     
  0.426148909752632      -0.221820330378992       0.108959478424630     
 -5.942456496557727E-002  0.121996882255733       0.759887915565618     
  0.144581536600715      -0.309186008247746      -0.157273818428103     
  0.172730599127033      -0.589866741236682      -5.390902671400818E-002
 -0.525929814726320      -0.220382149211760      -0.146185304802470     
 -0.470390778177140      -0.693966479273580       0.651741647054358     
  5.528913575058146E-002 -8.506973016856435E-002 -0.251639448955560     
 -1.806173994752817E-002  1.573284148633368E-002  6.516004456979524E-002
 -0.192174240747780       0.252963436502785      -0.863382409654874     
  0.434221034340613      -8.258955623698158E-002 -0.234989684047512     
  0.799532459019483       3.614928977470702E-002  6.021571497354672E-002
 -0.409281920196422      -0.145117817964026      -0.971014909709569     
  0.414129774560626       0.331755769896983      -0.416204695720711     
  0.193962294849189       0.410020226450067      -9.856452029886761E-002
 -1.401287537855288E-002  2.111131752392346E-002  0.561221783560943     
 -0.429292009952534      -0.356933788244618      -7.933931482100318E-002
  0.310053562349999       0.444243916376784       0.281259396332872     
 -8.313139556740186E-002 -0.261041138662382       2.829234239939699E-002
 -0.176006518689171      -0.125203116882530       0.230269729936496     
 -0.233086957410963      -0.197637596414056       0.480393430314643     
  0.382466562596116       0.352312357225295       3.041009514124184E-002
 -0.119525995968905      -0.476634839634990       0.287259002831458     
  1.796585147583740E-002  0.505311563716246      -2.717152341276403E-002
  0.452666356971681      -7.873664804059613E-003 -0.368745944143741     
 -0.191481024754273      -0.345655807397438       6.119869762470656E-003
 -0.437960979261192       0.110041210979616       0.410371699805404     
 -5.906124718898127E-002  0.312143255600048      -0.214165467726603     
 -0.417012691891289       0.187790346153659       0.171829685425010     
  0.100874302526763       2.839567578945462E-002  0.517957080627748     
 -0.265314229778423      -0.105001809921577      -0.519980475231219     
 -0.472211266593143       0.331951150969589      -5.890790853688135E-002
  -1.02722560592372       0.152554816534602       0.378110760076255     
  0.398127412569519      -0.560009426580829       0.226931703791169     
  0.103304186524685      -0.310215996665391       3.473798423038693E-002
 -0.168576484190523      -0.275790064175209      -0.178548915773193     
  0.199309616876491      -0.220233189648782       0.122102758444731     
 -0.143748271068680      -0.255328017053460      -0.370960678513853     
 -0.319430143064955      -0.408942644989908      -0.146594905175084     
  0.203452840797632      -2.183698159477658E-002 -0.599426509694246     
 -0.270337026181858       0.252066642887186      -8.347685369137260E-002
  0.858513523640602      -0.368411684013080      -0.428055751878539     
 -0.349682897999960      -0.420823845723383       0.172365414120607     
  0.332258307210710       0.139178874518086       0.220730875559206     
 -0.193331227286674      -1.379128885090851E-002 -0.108908898778904     
  0.445546711191528      -0.643853828217428       0.405562421822470     
  6.327034476789067E-002 -0.256126024029492       0.385807413788300     
 -0.241478042881976       0.188480842326701      -0.276256230438870     
 -0.620593863574636      -0.631306718649665       0.281130886456408     
  0.330449480647818      -0.351471165909190      -0.418125415281857     
 -0.481668462317892      -0.625658040379037       0.373955902677599     
 -0.257022210425632      -0.172002625908270       0.144866311777382     
 -0.243704096257039       0.258445584262553        1.04684389814471     
 -0.352367427211713      -0.328319197328264      -4.099184210840127E-002
  0.150911947181907       4.425297562078345E-002  0.108491129725642     
 -0.349048545078728       0.335886185227404       0.350527382251912     
  0.986463207740503      -0.450456416861656       5.883085144124361E-002
 -0.103851510727786       0.632970211060732      -7.470406419740779E-002
  0.488870453145146       0.483675568485516      -6.452691172360167E-002
  0.162318374464548       0.201148143822228      -0.599321290321201     
  0.331372227854909      -0.110358770351313       1.038048800761851E-002
  2.838051574086295E-002  0.262453039743969      -7.780201866208206E-002
  0.387533522542793      -0.552626872041908      -0.385052924949478     
  8.568863769189261E-002 -0.527308690888376       0.231046256881608     
  5.357880739380074E-002 -5.527015651745111E-002  0.433033454543525     
 -0.217749966069076       0.804262086571811       0.776136695269369     
  0.535644027830706       0.900628264763284      -1.932273715620805E-002
 -0.518068127973427       0.352715577885622       0.213523279329790     
 -0.398279917708733      -0.176960534531006      -0.543930174619613     
  0.183788150983472       0.615234560234001      -0.672193374623115     
 -0.699516479426718      -0.373042523664870       0.440106645970180     
  8.591759931510339E-003 -3.381178394605922E-002 -0.457551232028425     
  0.194634486948516       0.195281791768654      -0.257190617824111     
  0.135060987907245      -0.338960436144846       4.840968713263108E-002
 -0.335839505939017      -8.709304261728618E-002 -8.640981871589597E-002
  0.125443383643185      -5.208257561356534E-002 -0.221661455389402     
 -0.123045199897664       0.677268803594310      -0.610639288008878     
  0.502077877093422      -0.188424002000167      -0.771102557004008     
  3.819936399523439E-002 -0.319714066515896      -0.379065286987965     
 -0.377252263812242      -0.122200632921313       0.335740091158794     
 -0.249768313461331      -0.176825795874008       9.439468811348367E-002
 -0.266157256390286       0.100862372395193      -8.653769588664310E-002
 -0.448026337244180      -7.339025190068538E-002  0.132136539860720     
 -4.359659892884246E-002 -0.476076058003021       6.002754517155750E-002
 -8.626640311479661E-002 -0.342485157906596       0.369298075928145     
  0.800890462790383      -0.354109575744169      -0.524940747900082     
  5.922064100032614E-002 -0.228265945260552      -0.458592274272642     
  0.643950533173636       0.109978096396918       0.218151390176382     
  6.859673928279331E-002 -0.299508691151009      -5.442746163184124E-002
 -0.201662264882360      -0.319014915099842      -3.852199612406375E-002
 -0.282558497728743       0.143590626702422       0.402324085193383     
 -5.016463332308864E-002 -0.250857258488486      -6.415314582018191E-003
  0.374787847022595       0.167783720818945      -0.185354237560626     
 -0.537289987180270      -4.271425514627107E-002  6.112338727012562E-002
  0.623074205382087       6.849814487493658E-002 -8.978554250238246E-003
