                   147
  8.653299019293575E-002 -0.217847688965253      -0.504166741592402     
 -6.607660482290169E-002  0.582030744967531       0.182303994676519     
 -4.680116303808402E-002 -0.149596085171942      -0.103627218496358     
  4.964745820789040E-002 -0.100688808403337       0.210626394487564     
 -0.544650533081869      -0.186568408593068      -0.143135978679440     
  0.134553511318974       0.520046517909814       0.248631492319648     
  0.200117462642091      -0.266549572105956       0.668917252790742     
 -0.300368021340124      -7.977152519788439E-002 -0.345197992563408     
 -0.360428960295775       0.214127431058304       0.373956271462818     
 -4.035133630845235E-002 -0.325723306199239      -0.126258532551055     
  3.106442056142633E-003  0.317907589047431      -3.689947770282184E-002
  0.429418173133681      -0.251093354210705       0.317760794625968     
 -0.269728793681559       0.406611730722888       0.296717685229712     
  2.408853561654759E-002 -0.316728831769761       0.217220304679020     
 -0.624797153721177      -1.989908675593502E-002 -0.440407811120386     
  1.495435975054109E-002  0.483196706490192      -9.041263253801948E-002
 -0.311388439261936      -0.427686043299721       0.768243069643903     
 -0.212821803339021      -0.451096904540712      -0.202535660765671     
  0.140086792041912       5.639723405751371E-002   1.02837423319554     
  7.012658062376845E-003  8.598750410101275E-002  0.109125956078292     
  2.064077576461404E-002 -0.167054529070427       3.010025029875647E-002
 -0.118803115134682      -0.846640759933116      -0.159689814355904     
 -0.229089314842585      -0.218977326544084       0.461905907620357     
 -0.607577226836601       0.636517257988841       0.208477958496424     
 -0.173944596435812      -9.656551445730566E-002 -0.204269964113685     
  0.505194679573132       0.400413447594430       0.299220519057992     
 -0.271652951910643       0.184877611250417       0.518199599465812     
 -0.151131867712004       0.235664673939804      -0.109210393854039     
 -0.153894263809761       0.140721764702017      -0.240049184734033     
 -0.212884853361539      -0.448509627269116       0.419339979676763     
  0.192657602587846       0.202471401600885       0.491729015105476     
 -8.829254213772458E-002 -0.201952854472799       0.300639507718347     
  0.794023214619168       0.318887037609538       3.742463466947043E-003
 -0.367735975465777       9.954507258727943E-003  8.278834978074903E-002
  0.512754786374018       1.520391481976290E-002 -0.117077175831224     
 -0.250131733609727      -0.433145962920610      -0.379789206881356     
  0.365787515467265       0.389652179723755       1.010885707432132E-002
 -0.201159139848298      -8.628252375738628E-002 -0.684350581346015     
 -5.090177211971933E-003  1.854357863009748E-002  0.640000107905639     
 -0.489718501734521      -0.209703739501496      -0.602457848918498     
  0.133702392220183      -0.183888513458065       0.595888552362196     
 -0.568594781861880       0.272009329613753       8.175279376891227E-002
 -7.261255394503588E-002  0.249817034684928      -0.754372130944258     
  0.269699591828395      -0.119491397842953       0.420917292763538     
  0.339332926553847      -0.261214279534555      -0.337484308728102     
 -0.199352086614226       0.217671143607605       4.365702896648768E-002
 -0.151844081931866      -0.179675588593575       0.325788466787335     
 -0.109427707772551       0.266885858444933      -0.305823270688554     
 -0.578359897500163      -1.593015679621709E-002 -1.249387770401509E-002
  1.894510684060798E-002  7.417664768565745E-003 -0.591300584949646     
 -0.283312409185710       0.406929342926049       0.447249213941499     
 -0.684220743901068      -0.108170622882950       0.468526306410056     
  0.319571848643610      -0.367122689530484      -4.252918224326600E-002
 -0.196148371773566       0.128981940395616      -0.433092132800552     
 -0.142934770067951       0.728487468403952       0.211470618072936     
  0.110957999657485      -0.106296025015816      -0.342964050248420     
  0.253998894486037       4.346809502046216E-002 -0.560606726474434     
  0.559371778261895      -8.406271600146525E-002  0.163025392230869     
  0.704441437158495       0.781660485135977      -0.142805044188411     
  4.895108515473329E-002 -0.234837133881717      -0.126773307940005     
 -5.824462113172859E-003  6.206325532155505E-002  3.055827448478765E-002
  0.108568514010972      -0.885946762489582       0.222849357448970     
 -0.241417554413217      -0.234094001397215      -0.370818899198767     
 -0.636041910859964       2.082335401978774E-002 -0.489082745620518     
  0.542466542782551      -0.913315728517436       5.500232879438603E-002
 -0.464656086902698      -0.484198500363377      -6.662013905475420E-002
 -0.394202473092985      -0.176630027962005       0.169879857583499     
 -8.408068278030774E-002  0.548929037596334       8.496640050076303E-002
  0.563882014841804       1.759430315532329E-003  4.697192663654432E-003
 -0.558742134077768       0.186341620135242       0.160239648654238     
  0.225457118677530       7.693629900945163E-002 -0.138215972933435     
  0.179670580008375       0.255527364389387       4.585316075121156E-002
  0.232888543154673       0.516561969109780       5.562962931402324E-002
 -0.518464066983066      -4.720200094717707E-002  1.721699155466337E-002
  0.353196659550004       0.370941268930599      -0.248273364380537     
 -0.332383232221664      -0.116049906019245       0.363943190869102     
 -0.283728234074026      -0.379509291223263      -0.341194055807498     
  0.364591701153336       7.430796735649604E-002 -0.133160017542404     
  0.201339900918696       0.401952309367950       0.412577756019736     
 -0.123745268197553      -0.263034319448178       0.249576733478542     
  0.170358809101610       0.152828013257233       0.431638407264132     
 -0.169299810964148       0.500484219813924       1.070497132045934E-002
  0.342794619097159      -0.482446335070350       3.916756472683499E-002
  0.153380029504610      -9.720920652153545E-002  0.551062723591737     
  0.624187873751761       0.386400585511257       0.826146022308722     
  2.395990967751406E-002  0.305451905720452      -0.655544848735951     
  0.115034246403985       8.442054213979611E-002 -0.296230891886903     
  0.329373812169574      -0.120517946886835      -0.115525850694338     
 -2.763066040032411E-002  0.150731848059479      -0.282227782843147     
  0.325375764407909      -0.314375320977937      -0.136991080830585     
  0.523801154674565      -5.968699742059561E-002 -0.113267745248317     
 -5.309744557886745E-002 -0.593982493071018      -0.213418630667898     
  5.538996449896980E-002 -0.115468413887455       0.356632980121855     
 -0.351594246916092      -0.390915257987765      -0.882933243521459     
  0.508111561296255       0.257368036475126      -6.830087368443929E-002
 -0.371925801654632       0.179399403443452      -8.930572969005968E-002
  0.170672440925013      -9.695934887296100E-002  0.104394031919471     
  1.583236316960064E-002  0.493968313069283      -0.730263749557846     
  5.995672426383256E-002  0.421886031758179      -0.192011470149853     
  0.102079191228306      -0.295112221602306       0.269523270523554     
  0.831549880339878       0.412132614492961      -3.729606435537285E-002
  3.523142784711702E-002 -0.362934817715167      -0.524017907339545     
  0.709521694115252       0.496880515457773      -0.113948353073999     
  0.283142685983405       0.182972418115801       5.461576551106043E-002
 -0.132326040934838       0.994230633279203       0.464826010868401     
  0.481923423530026       3.137852173694908E-002 -2.004575865914085E-002
 -0.158009340473341       9.290884698191323E-002 -5.388934364366830E-002
 -1.442488619070648E-003  0.299917996583512       0.517272632669165     
 -0.466324505774549       9.728366296122175E-002 -0.975991320163143     
 -0.314978208688092      -0.180304270186752       0.534131275794992     
 -0.669044629361519      -0.167891955890131       3.593985134367503E-002
 -0.164443354620672      -0.631326957044742      -1.945497144527321E-002
 -0.181449866824527       1.626895651340692E-002 -0.298170476408349     
 -0.177819007958298      -0.123689822878733       0.169768766201018     
  0.115781793107899      -0.297421094289319      -0.708505268057946     
  0.238603266087341       0.316298589314544      -0.426383694276634     
 -6.783492351692955E-002  0.433512719004427      -3.014294560830518E-002
 -0.461386095268320       0.631194441952717       0.827863013369141     
 -0.977235429776350      -0.198409381169696       0.322589206679525     
  0.135363787905192       0.168977437777159       0.625714252168713     
  0.492706572381364      -0.488054557921124       6.960560694312524E-002
 -0.434599156304911      -0.776477294234427       0.268964990868519     
  0.703247392714616       0.526397610169484       0.224781115592203     
  8.129213741561264E-002 -0.444504947115997      -7.985690569306157E-002
 -0.234612548385198      -0.295043947719495      -8.402181688996303E-003
  0.107415142426060       0.101635420471729      -0.337062863598749     
  0.321934578257525      -5.625807518791875E-002  0.145028221014095     
 -2.947281703422037E-002 -0.213946120883960      -0.144709531139159     
 -0.251236326227463      -0.714496045788479       0.522579374388493     
 -0.147549870934701      -0.745628224863839      -0.551772179878678     
  0.230164702785229      -0.318356879065553      -0.305024383747377     
  0.314585931501923       0.366823743896845       0.190918062696319     
  0.288042398849926       0.133878670448204       4.086572773899518E-002
  0.149246224580431      -9.213498210604512E-002  0.240288130427965     
  0.366352151816634       0.160821466353155       0.251984820820994     
  0.328328181181269       0.144272072079485      -0.321774078013245     
  0.230513207586711       0.426786496936919      -0.160735782379966     
 -0.303164921115545      -0.486416381342669      -0.844909491244308     
  0.167375687781667      -0.413464488689484      -0.258750450900271     
 -0.588462402780643       0.169479018676508      -0.315192580242093     
  0.147324438129480      -3.775844256661554E-003 -0.275053758790696     
  0.361728883042954       2.613139872637198E-002 -0.111317089847541     
  6.363178780159756E-002  0.381919715154677       0.335276854255634     
  0.199059193062468       3.968666613307238E-002 -0.155844207536071     
 -0.363591895786256      -0.226784239297967      -0.139080346397185     
  0.424493236669519       8.916845750899899E-002  0.325723171720329     
 -0.513335471480538      -4.583608968195277E-002 -0.356903099317970     
