                   147
  0.397061005929054      -0.269670775982221      -0.280624139123647     
 -6.695385333388466E-002  0.595112838918602       0.133111016619152     
  2.169528013927555E-002 -0.143799811955602      -0.118991036952335     
 -0.150671043839481      -9.230564265111788E-002  0.160450893366488     
 -0.259872644701799      -7.704519701845026E-002 -0.527702689794088     
 -7.082089453856216E-003  0.497228203559784       0.321067913010878     
 -0.442179400091424      -0.250328906149687       0.548049980572922     
  6.529359171904980E-002 -4.060827656374760E-002 -0.458076209053617     
 -0.465579077917988       0.314177848480964      -1.145804725092214E-002
  8.725547812697673E-003 -0.318484525073967      -0.148850904226224     
  9.203691277738549E-002  0.306142437631783       1.557148606322208E-002
 -2.965749114904019E-002 -0.311235371045213       0.500672287606045     
 -0.313416297937459       0.476402820578458       3.063793665568629E-002
 -0.213397544846624      -0.296798529420904       0.120225587851569     
 -4.860769098775929E-002  7.929726195698114E-002 -0.758996530736879     
  0.172467066942033       0.460478508768549       9.580602469455995E-003
 -0.862689904434216      -0.290854195801628       0.203089860325704     
 -6.273706105919936E-002 -0.409855959068831      -0.343342955555951     
 -0.691642028222987       0.104865100143519       0.768760779685021     
 -6.263446732663257E-002  9.072513211177678E-002  8.483735280306971E-002
 -4.294387131598926E-002 -0.164776726024155       1.561207392730120E-002
 -0.115000276812746      -0.811806707615546      -0.290104117789201     
 -0.536887108994594      -0.128797192724694       9.462328757599558E-002
 -0.407792746060797       0.765324620269263      -0.256418929365258     
  3.135791365455243E-002 -7.291785133541964E-002 -0.273874985455933     
  0.157678295896299       0.305829787021872       0.621845003744653     
 -0.527518086125235       0.277995352167508       0.144738161153123     
  3.708223073513982E-002  0.253214840087520      -0.157520611445565     
  0.117220227131372       0.151180089344926      -0.253995412405032     
 -0.538995759455049      -0.359120690184482       5.331759812716724E-002
 -0.219665463208271       0.194380222308565       0.483603616659857     
 -0.323788382782433      -0.154643923763433       0.101049403987205     
  0.545078088434950       0.142117376607973       0.644102742515908     
 -0.286566302411085       9.428482293129749E-002 -0.226214228582559     
  0.406491493853662      -0.103263999242544       0.317737166477233     
  5.380401489968471E-002 -0.398178350633613      -0.482680308365662     
  0.291903650884810       0.302573012942913       0.330111113210845     
  0.384729236297013      -9.432753787699669E-002 -0.599442342494639     
 -0.490124800033704       6.875122761301822E-002  0.406227598059653     
  0.121353772631537      -0.146859832576445      -0.781319896373586     
 -0.410757687094241      -0.161353876914947       0.460453614168719     
 -0.357706269755806       0.392160764189015      -0.349612328522006     
  0.582460306386376       0.200302314817582      -0.507323782132849     
 -0.180873702897653      -0.141098537189364       0.459960147992589     
  0.415549420780626      -0.352732090816953       1.319638249022867E-002
 -0.113113673227414       0.257787161345574      -9.888879486302866E-002
 -0.377624008687056      -0.117485623506183       7.124116631767630E-002
  0.219398857578037       0.259521557619858      -0.247473352070286     
 -0.347452393268167       0.106459535219288      -0.450392317524567     
  0.466321633044650      -4.263377685017393E-002 -0.361630773319522     
 -0.437063004162704       0.491267459900709       0.116281915787036     
 -0.798925155246146       7.639860737685980E-002 -0.235069476843473     
  0.156742386188317      -0.428831101971550       0.173924343637487     
  0.237063317193109       0.133764111570376      -0.410594040736780     
 -0.107853248178969       0.756370156242716       0.110072821471704     
  0.310134168336001      -0.153709429821626      -0.146373054895368     
  0.593648264905309      -5.510580366427170E-002 -0.158839237692231     
  0.200982903185136      -0.188155035415548       0.520330818157539     
  0.692632690529155       0.600573053475981       0.535906798336681     
  8.145129711755952E-002 -0.248978801243969      -7.064985861726630E-002
 -1.491552364690094E-002  6.406040077377105E-002  2.221198700131340E-002
 -0.276756434964349      -0.868776223093935       0.122410678489270     
  9.098586415555754E-002 -0.205445792539069      -0.447328393827022     
 -1.025270439292924E-002  0.117581147986907      -0.793885641762997     
  0.112115250646124       -1.00068119579050       0.342794604876508     
 -0.327479958973361      -0.378030535186744      -0.452373187440166     
 -0.405826243959615      -7.508417288614624E-002 -0.212415510918360     
 -9.793519910291981E-003  0.559152167851074       5.352456354335709E-002
  0.341812498846362      -0.117789437627726       0.432756224555761     
 -0.428510811575662       0.312703888978169      -0.301972646062414     
  0.258892806627243       1.630127860553643E-002  9.253401879349683E-002
  0.124512969638719       0.214261019639504       0.195619527343249     
  0.200369951965444       0.457970829789287       0.272548341643043     
 -0.339658782675071       6.556923265966658E-002 -0.389438094598285     
  0.478631533281660       0.266996609644187       0.153654269582437     
 -0.504976634567094      -1.417450824878302E-002 -3.461967340079200E-002
  1.409283913210720E-002 -0.335799410220408      -0.477475176982785     
  0.339649871299877      -1.544355946187280E-002  0.201444370066666     
 -0.114866584921097       0.380707061485221       0.462808405794787     
 -0.318223138194524      -0.210562798013684       3.443592474359763E-002
 -0.196904659464963       0.146106837591750       0.422577315044376     
 -1.444080804942660E-002  0.524323188013824      -6.432833170633215E-002
  8.588951842828851E-002 -0.539768163885382       0.230369344990539     
 -0.347489297647390      -8.457997294252723E-002  0.456883579058484     
 -0.176164981624634       0.307727426166555        1.04675827908491     
  0.576622236659683       0.241625545055584      -0.364332107904901     
  0.313907536802040       3.481682097628893E-002 -9.144558165925909E-002
  0.266676379933887      -0.196363521722705       0.163349262519305     
  0.228769153663136       0.130820789974054      -0.183539260282260     
  0.242969685652052      -0.386007226488683       0.124225358457129     
  0.395761035637020      -0.178265581387452       0.319928671077224     
  1.555150910852032E-002 -0.583832882734194      -0.245110930643153     
 -0.261959412139372      -9.660566794634312E-002  0.256188790925195     
  0.385634472487139      -0.374473239221365      -0.875819737528268     
  0.413371833776157       0.137387456894255       0.373268118109092     
 -0.124239115768592       0.246886893891470      -0.319530851382838     
  5.553134329940965E-003 -0.122633899800968       0.185360191638588     
  0.665603276826517       0.421189149148091      -0.396374167266286     
  0.265963125918331       0.383316555144919      -2.798341383395378E-002
 -0.201560078947308      -0.288267396582031       0.215475336447490     
  0.617643465628266       0.221786552832278       0.657302644287963     
  0.352657599509604      -0.401628398738982      -0.349120250723284     
  0.618216197179875       0.324335406494425       0.525272106501562     
  0.167000413777016       0.122271325726196       0.271647111088750     
 -0.243880289982170        1.03260392307453       0.310353823642301     
  0.316387548913247      -7.343396536180487E-002  0.357970671755978     
 -3.730827588240545E-002  0.119911211162476      -0.143987710832921     
 -0.339069362123839       0.332540358299420       0.363280524839413     
  0.481741404892575       0.118240436819947      -0.966139809091614     
 -0.637290692714592      -6.727104796172814E-002  7.970132159386667E-002
 -0.469640539363417      -1.852980990023605E-002 -0.506156604003358     
 -0.208543233987721      -0.581505310946566      -0.210606582003247     
  0.120700211267377       3.130752474048178E-002 -0.326413333080759     
 -0.263024353787219      -6.952329940647134E-002 -4.153198775541037E-002
  0.556122739137982      -0.369236383723285      -0.397789438972451     
  0.534412186288721       0.224325398676747      -5.348926611512267E-002
  6.593548557994089E-002  0.434353501508536      -2.080862863613517E-002
 -0.794179967682117       0.777071884552935       0.249154944830250     
 -0.883919404319436       3.947616773681847E-002 -0.561735954751718     
 -0.363954740033907       0.184319362877647       0.521496284354986     
  0.153204473855763      -0.574739243302482       0.363325129728136     
 -0.623205593995308      -0.643107376203028      -0.249325633904080     
  0.360452644544677       0.380675735890598       0.739822792581998     
  2.448594721964326E-002 -0.456447430797076      -4.032823217759763E-002
 -0.194532555222524      -0.238170637199296      -0.218166010500061     
  0.343895516303269       5.003998252015417E-002 -0.121288991875418     
  7.488762706895222E-002 -0.111993198048660       0.331193894108917     
  5.127340001503485E-002 -0.213348847200301      -0.139412143792938     
 -0.693355280378297      -0.602054260018251       5.918290940231352E-002
  0.187626341393380      -0.737693387985689      -0.550263367808585     
  0.312742686025137      -0.382670307681397      -5.587678850692114E-002
  0.117522764828167       0.305235355246148       0.403724474987643     
  0.170988236985473       7.234346542609846E-002  0.260943241841169     
 -0.110795203292609      -0.102846792968627       0.256219898148403     
  6.231037962949072E-002  9.830468624687888E-002  0.458287462579086     
  0.475659355583478       4.579529028437722E-002  6.167131792707364E-002
  0.347313968981437       0.354258039625484       0.122447102407411     
  0.367542663564776      -0.474845251671889      -0.825721679049653     
  0.220342193478636      -0.458377280621309      -8.519909912654200E-002
 -8.551748360067855E-002  0.265745564864713      -0.629621755223665     
  0.300274873643851      -5.631490291889914E-002 -6.353699129099635E-002
  0.311780603091016      -6.006908885831003E-002  0.207621505193850     
 -0.143777179197635       0.384475718959712       0.306314848668157     
  0.249005116815212      -1.573713454807189E-002  5.688413865079930E-002
 -0.160005737476984      -0.154392276820173      -0.391835028375581     
  2.742296409563733E-002  2.186606970461780E-002  0.541304870127853     
 -4.945795397582184E-002  3.681139518934255E-002 -0.623853274154261     
