                   147
 -6.485912377862401E-003 -3.612044470659100E-002  8.243979419481887E-003
  0.347747146979779      -0.931432017541716      -0.362765256385692     
 -0.190012823224462      -0.202932375861143      -0.988928359361693     
 -0.710635304945528      -0.730046026925944      -0.262764087053375     
 -3.050309924446715E-002 -0.820074839682203       0.674897162556587     
  0.900768901293999      -0.329553767847783       0.402406029501568     
  0.799069427918246       3.229293127486249E-002 -0.643331984247842     
 -0.904649812340077       0.323750496655617      -0.389157800289604     
 -0.859402816620748      -9.885226196472208E-002  0.580466589824216     
  0.155269953868155       0.206697963248321        1.00420778481643     
  0.697337333131115       0.693416297321191       0.202224287947720     
  6.431672425861940E-002  0.807175565902144      -0.622231857528349     
 -0.399421355531489       0.850899489644694       0.391104834937572     
  0.744011733531250       -1.87054281072498      -0.689140988986849     
  0.239102870191196       -1.06267618482308       -1.40153244617911     
 -0.333053748459833       -1.64370019878730      -0.665232505350132     
  0.356753055129944       -1.77771274819532       0.320738970777594     
   1.30327037102568       -1.24870908092948      -4.112660937669654E-002
   1.22519984151394      -0.846787550945059       -1.04444602542108     
  0.699575864966786      -0.120254146077444       -1.67117990167864     
 -0.347743211822539      -0.357186355465478       -2.03178464094413     
 -0.881438969034832      -0.956318465135418       -1.26971671703393     
  -1.44376480508647       -1.47663174124538      -0.451812976274232     
 -0.718135245198317       -1.58062014729240       0.411793014711379     
 -0.114440871060243       -1.63455782472153        1.37195487259306     
  0.920007375833350       -1.20755443939453        1.06439195181121     
   1.82694818230042      -0.683027032190641       0.753092589726113     
   1.75654761086083      -0.264449809296830      -0.224822866942369     
   1.68913620015514       0.121273314430556       -1.24260612586726     
 -7.880472164076699E-002  0.632630593938212       -1.63150216564384     
  -1.12201366164708       0.159359636615486       -1.43086862475614     
  -1.67187473145297      -0.384188716083895      -0.612529486265039     
  -1.59911121763752      -0.823650604369854       0.410328075899774     
 -0.896059254956906      -0.941021143044033        1.29931432506167     
  0.161448680148300      -0.624702993916719        1.68594096870533     
   1.06376989447160      -0.126528155277718        1.42442616232781     
   1.65319616952726       0.430644184487204       0.597763906507958     
   1.57353580992856       0.789217055467917      -0.393695357684845     
  0.899027742392678       0.933566621370869       -1.28450338268225     
 -0.879163458227164        1.17856068852654       -1.02082445199308     
  -1.84664200422580       0.709200253560709      -0.772238383183454     
  -1.80452506463009       0.259645556669541       0.239871982241916     
  -1.65380965224519      -0.168437421546635        1.25060528331582     
 -0.686841544789292       0.148223649505759        1.65992216627000     
  0.318853374884889       0.388360329472223        2.05105621357970     
  0.860605820141419       0.935374313774439        1.23108024401319     
   1.45790027507430        1.49550822627435       0.435289658002484     
  0.823235977558523        1.59522792988968      -0.406333635545937     
  0.107664814873741        1.65250346395750       -1.27645062779706     
  -1.30312445552268        1.25870244358836      -2.256275179499145E-002
  -1.23582633562029       0.832989256994009        1.01202051742236     
 -0.224672953460174        1.16119330489479        1.42050597997322     
  0.346111777123997        1.60349118323557       0.609024886850134     
 -0.333252597971936        1.70943487619031      -0.300683032868434     
 -0.765411067770885        1.79209786340254       0.751218551735045     
   1.15052402533249       -2.78258766270069       -1.17737848926399     
  0.607578332035145       -2.00917574580921       -1.81636057051322     
 -8.455121182493475E-003  -2.56785958038444       -1.08902357198144     
  0.761114915740347       -2.71233712728722      -4.093909678697838E-002
   1.70731725928391       -2.24013481610194      -0.354918560947259     
   1.60576320316509       -1.81938050255671       -1.39929088072038     
   1.09788822625375       -1.04817804256375       -2.10861901262828     
 -3.943440063116754E-003  -1.31146472624776       -2.48123778978598     
 -0.582091355432257       -1.84471271237382       -1.70929301726035     
  -1.10312101263192       -2.50187632114334      -0.958675094499186     
 -0.394022026796488       -2.52262472430552      -4.715598781241004E-003
  0.336697465381696       -2.59809400060068       0.997905436101899     
   1.34293779638533       -2.17351048316668       0.690842516994460     
   2.25869110312358       -1.63458021778464       0.432709342309076     
   2.14628227520159       -1.19487078951264      -0.658544369977406     
   2.03557915509323      -0.797819222251768       -1.68176422164031     
   1.52251392465454      -2.010000446285432E-002  -2.38163365353440     
  0.500155624410586      -0.358442583472437       -2.68554229398507     
 -0.482339008997842      -0.532543023876245       -3.10270581906127     
  -1.07691347842319       -1.07728343026031       -2.34138417837333     
  -1.64885254805077       -1.67467357840931       -1.60419979006943     
  -2.16678094213020       -2.28606717609110      -0.742133564913935     
  -1.45935265820111       -2.41659598552961       0.125535220142816     
 -0.813631116602863       -2.47020225500636        1.03789184779562     
 -0.118215517709777       -2.59691810374729        1.95698046305366     
  0.875428120752701       -2.01305290463630        1.82675727557547     
   1.84916910483022       -1.54309974452483        1.55198587500043     
   2.79995772881863      -0.957049448767078        1.22075846527936     
   2.70628507014491      -0.545794253411126       0.181284417027836     
   2.61400052049495      -0.249441774140711      -0.857918194976116     
   2.53868142696006       0.151070794723258       -1.94469909358823     
  0.678889395137649       0.734460255503901       -2.37411556366821     
 -0.310222301010925       0.495556874092358       -2.72854374081397     
  -1.26825719102818      -2.602583592207386E-002  -2.50177665431895     
  -1.80980999831267      -0.608570906182678       -1.69143286497005     
  -2.43916298215402       -1.22009791629001      -0.870900314209736     
  -2.33433443208627       -1.65173916527116       0.211571804865164     
  -1.65564420688448       -1.72857233870095        1.04965452650652     
  -1.03322376063119       -1.90622927473280        1.96394835563833     
  5.397265720225564E-002  -1.50385365488767        2.39920408263472     
   1.03295976675784      -0.982622195886286        2.17100105868794     
   1.96032042157281      -0.444826976183320        1.83174398298746     
   2.66378022828759       8.670677243751435E-002   1.08694156302494     
   2.56835895902017       0.498484595601571       1.563533184217433E-002
   2.45945755923949       0.830842720288779       -1.05804291701544     
   1.83055672208494       0.964423386159670       -1.93904345162753     
 -6.367143722980062E-002   1.53172671077154       -2.30822558720839     
  -1.06978951897638        1.01597862942226       -2.07350866094697     
  -2.06047528142481       0.495246646095300       -1.91233539913650     
  -2.58181066064569      -3.587157099606686E-002  -1.08559324984103     
  -2.59517950499700      -0.516386224886924      -1.054276974170071E-002
  -2.45815553391605      -0.860102486483042        1.04654259542889     
  -1.74013418947952       -1.02184212922478        1.93651331066046     
 -0.718644994283530      -0.678326797801632        2.35442690806249     
  0.274888866877338      -0.490852091688649        2.79253330909265     
   1.26358900404606       8.119391493120831E-002   2.45919048565892     
   1.86310517035072       0.590978666032601        1.63314665693782     
   2.41151793378216        1.16697891144547       0.826045130653772     
   2.34766925061542        1.57962338733089      -0.161675339884086     
   1.65777029651969        1.69851586689957       -1.10892768904276     
  0.981525488419660        1.74197902817440       -2.02810156255200     
 -0.854433085916330        2.04142547958937       -1.68032292130018     
  -1.83534032601535        1.56327139394196       -1.43929747237339     
  -2.75646436399747        1.09731152741463       -1.20724967975685     
  -2.80003694890406       0.577532452514734      -0.174326741675606     
  -2.71165362089084       0.161010140927094       0.884782155137789     
  -2.51603519883183      -0.238219771145180        1.92218876581260     
  -1.55655815012168       4.173388383004817E-002   2.28774275654468     
 -0.493294372030365       0.352834928752261        2.75966843317682     
  0.605560173422849       0.701499852967336        3.08240313645018     
   1.17444618145134        1.23355621265315        2.33013907697826     
   1.66142227685063        1.71491974905285        1.51534646586039     
   2.24377852592592        2.26364677307768       0.717708588747857     
   1.49327960537564        2.41610649987232      -0.200593856828805     
  0.780951386621232        2.38417139134724       -1.06349419704721     
  0.131378611893413        2.57152304907027       -1.94814203650803     
  -1.23870166764831        2.18099678031291      -0.691340255675061     
  -2.28674979021584        1.70181743906210      -0.448894958816692     
  -2.17821751542733        1.20359722226837       0.598445698484647     
  -2.05978139617665       0.759914435287176        1.67999413261202     
  -1.12364999403814        1.11627057012440        2.12207284710586     
 -2.382014532282739E-002   1.35806443544089        2.45505128503728     
  0.554305494528331        1.85158271910076        1.65946638027139     
   1.10734552871680        2.44186277655410       0.877966131019435     
  0.356925286072253        2.53188733949258      -2.972478270702872E-002
 -0.258502413108808        2.58937141271866      -0.910075522511556     
  -1.71625105454920        2.21372329904236       0.359776000085976     
  -1.72641609802976        1.77456712727835        1.41195148981251     
 -0.607424304310600        2.06296719869646        1.85413812210638     
 -2.303962932638570E-002   2.58264628013029        1.01959772383182     
 -0.681210913986245        2.70897084545807       0.126122537816281     
  -1.12009866661322        2.79889054076959        1.21278312243777     
