                   147
  0.511693740498116       0.217145379726023      -1.212754327228825E-002
 -0.535385783311750       0.238236818484400       0.181565232391808     
  0.155990107649452      -1.403835100980591E-003 -0.104752343822475     
 -5.793481301757861E-002 -0.231510922215674       3.582545810618828E-003
  5.385932406926135E-002  0.143534970777146      -0.573094030712798     
 -0.476132881043481       9.550927138474063E-002  0.338446607074547     
 -0.206817463574115      -0.714546624242409       7.208066918278117E-002
  0.192597055096612       0.290834483541608      -0.306704705045721     
 -0.506378970928439      -4.677429004964317E-002 -0.238737070246122     
  0.292012780733622      -9.387824210489577E-002 -0.171989915787812     
 -0.188848662471547       0.220512411569960       0.134710488222884     
  8.889153825650714E-002 -0.508196594188259       0.286800067345571     
 -0.556522240619857       0.102821431615191      -7.641240296252033E-002
  7.555790001655091E-002 -0.361142206428566      -0.109313227325104     
  0.115944137036478       0.488066396985501      -0.577126196137476     
 -0.260867034876134       0.357794753130829       0.214029060895840     
 -0.322439405975758      -0.744602534479677      -0.460081971952481     
  0.374556749509102      -6.591410530195321E-002 -0.381004991127271     
 -0.684252720893535      -0.767537243158250       0.151800247461148     
 -0.129022641617816      -3.044798181683903E-002  4.216136712518975E-002
  9.892692934069017E-002 -0.130004532148289      -5.051303442955690E-002
  0.641772291069049      -0.365172531841408      -0.459557332396483     
 -0.232539678035874      -0.412779841275496      -0.298878155751759     
 -0.756735951360087       0.402364297070363      -0.288480567506965     
  0.148451922366350       0.140925306123914      -0.198519329764748     
 -0.314982122798115      -0.117907378649198       0.626074775635035     
 -0.555953483413291      -0.196294816939974      -0.169970442821931     
 -0.132446876169944       0.266792358256402      -3.981523170644855E-002
  1.848637364345795E-002  0.306707085476769      -8.184551480522773E-002
 -4.410320987786726E-002 -0.525759008625137      -0.379419605222418     
 -0.406858956194720      -0.294792075328265       0.259754627842358     
 -9.248813928550630E-002 -0.321808815931080      -0.163858695553591     
  2.721303117527235E-002 -2.857531110970600E-002  0.854762374389270     
 -0.175650597489436       4.671379762480898E-002 -0.330374695518622     
  0.226391661532982      -4.617042139859645E-002  0.472726985534081     
  0.469761275045960       8.692063796508498E-002 -0.407664443114108     
 -0.156906309570323       0.128745246429689       0.494506408619056     
  0.454955229504029       0.510981100616880      -0.219452604446559     
 -0.443129259816524      -0.462161286029666       3.649263152242408E-003
  0.394338232006249       0.454994044520475      -0.533135167902668     
 -0.234131662694257      -0.591482195251469       4.588746155601997E-002
 -0.413764581526811       0.263144971872883      -0.404383747816931     
  0.314727562909432       0.732354340773932       3.690699729374031E-002
 -0.118343097899915      -0.460101877480122       0.196185129041345     
  0.507198579689040      -3.166504440651197E-003  0.200037415312956     
 -0.237657494518907       0.155766423958055      -9.101458037800532E-002
 -0.143984910094565      -0.309236123172374      -0.212413354655968     
 -8.846875120959136E-003  0.420158522723771       1.090440938614974E-002
 -0.159276130577396       0.160080439472758      -0.532837128059349     
  0.397235440193415       0.438022053538090       1.977387807773657E-002
 -0.661840304456969      -4.911150919716223E-003 -8.850176663251860E-002
 -0.452148143572853      -0.223748226228330      -0.666989203331632     
  0.374843836957758      -0.281170582622732       0.138380520010048     
  0.142787900762467       0.454512120436594      -0.125338214298147     
 -0.677484477726947       0.327298974041238       0.172436441782838     
  0.335878564116682       0.158822507415683       5.653197051285112E-002
  0.424835092792621       0.372003553581171       0.248622837865076     
  0.119986688677057      -0.327524736773763       0.474206016822898     
 -0.214484799021042       0.387424887299552       0.965154060626812     
  0.258568750479657      -6.282235850341053E-002 -5.302558194979693E-002
 -6.416646876821193E-002  1.681439708171178E-002  2.048219949372003E-002
  0.481986561632191      -0.736117613729608      -0.268645561062801     
  0.332103201469505       0.199311982294052      -0.317129768958582     
  0.117624352166456       0.552154847567472      -0.570503630656191     
  0.746819872987414      -0.748707357723748       0.114621969839906     
  0.228098895760930      -0.117065233051896      -0.623745408592877     
 -0.116280386170567      -0.124421595174813      -0.431799792761938     
 -0.453346891098416       0.295260609958636       0.151359529880186     
  0.169600283801486      -0.158923979248630       0.513777187533899     
 -0.405527757303971       0.149895360884516      -0.430895968454744     
  0.110281303568819       8.692836093691969E-002  0.236928798987300     
 -0.147763097892688       7.203531390263501E-002  0.269546367208526     
 -0.314063559350356       0.209299176398358       0.426293247152766     
 -0.139613974655891       0.102326899910627      -0.491290734779007     
  2.505203945796347E-002  0.312545707055960       0.475050044830902     
 -0.268191291997945      -0.248610814572655      -0.350238395529636     
  0.397327166178664       0.100337914278020      -0.415939686287192     
  0.151583470051143       4.295441819533115E-002  0.362433086788700     
 -0.485741199715035      -0.116742580918350       0.350357640376773     
 -2.797086140806776E-002 -0.311352469505484      -0.221507925699277     
 -0.339951199720549      -0.274308188142958       0.218811425264942     
 -0.397156711921602       0.344455154591228       5.365323231060563E-002
  0.405066644545282      -0.418609768570189       0.111729988659484     
 -0.256507941648385      -0.510788764975789       9.971811300632276E-002
 -0.622061977003849      -0.550473117382076       0.729007138651215     
  0.240718658603102       0.666167842375191       0.147949065119580     
  0.177099550639931       0.239394100750823       0.139422597802003     
  0.260378970070231      -7.924259584821042E-002  0.249562234306373     
  7.895435263797103E-002  0.309066654962949       3.714939853718352E-002
  0.404362541955926      -0.180501676868322       0.165462581999105     
  0.277786284353144      -9.776332036347875E-002  0.451704419759109     
  0.527549513005243      -0.189364329203697      -0.294982567063187     
 -0.144069513707309      -0.350462801749280       2.808040893890133E-003
  0.747262874651605       0.514193503429162      -0.482915730853865     
  2.883334670807484E-002  6.669982658734384E-002  0.569034661087413     
 -0.175926031912305       0.278972418304861      -0.264031972246751     
  4.809631257273334E-002 -0.184001023194243       0.115146339524763     
  0.161079351055780       0.838903438633886       0.218712060184211     
 -0.137499192152938       0.383278482875318       0.229439782880615     
  4.996390169931547E-002 -0.408408087890038      -2.933632982447863E-002
  3.372248237594157E-003  4.836056338877784E-002  0.927560982194169     
  0.607090733435973       0.157579045185685      -0.119026839515900     
 -4.007566316596035E-002  0.190823279607310       0.851631331863592     
 -7.275555656277760E-002 -7.461330009426850E-003  0.333590356280170     
  -1.02339693837291       0.298523534727654       0.292592480051595     
  0.140917563952055      -9.974147447259094E-002  0.451475922562178     
 -7.531414182760567E-002  0.140539266219367      -0.105259496360032     
 -0.549618556345108      -0.200406816969803       0.123613964379934     
  0.444790627977054       0.912999210931273      -0.384805731378156     
 -0.333550773842756      -0.418933465741935      -0.360909620443501     
 -0.117164913772291       5.658185770678978E-002 -0.678359030457981     
  0.388375985007670      -0.325171397288631      -0.411608425738458     
  0.132938414766619       0.281538338380845      -0.158612445978702     
 -8.518699834505518E-002 -0.152093642682372      -0.212957519287364     
  0.711401888271771       0.312091771412777      -1.872232328507813E-002
  0.145982523321842       0.443168821768572       0.347950958084254     
 -0.293278357531540       0.305734552301519       0.118142456761728     
  -1.12327408713786      -0.101054085570570      -0.157111801968166     
 -0.383799911122363      -8.919672557293418E-002 -0.971164628877086     
 -0.491749508017516      -0.398747381833916       0.193850462382620     
  0.434688539133340      -0.486227395705281       0.245826670857904     
  0.209647739568636      -0.552772560493665      -0.717374311705192     
 -0.289009265660705      -4.076562711893135E-002  0.858481040726460     
  0.378589598813552      -0.234555909969904      -0.110560507286504     
  0.132377301179319      -0.108688653841812      -0.335898202230036     
  0.190504713255793       0.282311743662735       0.139596486888814     
  4.004686799154795E-002 -0.231299966042797       0.269697242597846     
  0.232303485442105      -1.499772354997489E-002 -0.115726388207314     
  5.436095802648894E-002 -0.754030453467838      -0.524591703218267     
  0.827580601804227      -4.622204159122900E-003 -0.444155305451347     
  0.490327042733622      -3.182106499530624E-002  7.702972493592782E-002
 -0.278505353674641      -5.136776340956578E-003  0.438613788602835     
 -2.889490720829018E-002 -2.857672238998394E-002  0.317663949661755     
 -5.286966204761960E-002 -0.275945473488754       9.777817036434126E-002
 -0.164452443877817      -0.190525001158378       0.400286660708371     
  0.219624972999440       0.235668044695013       0.358298515997215     
 -0.109162683440030       0.315721820175273       0.386681115890452     
  0.801161109308130       0.414260131648447      -0.478446793370991     
  0.504122224457729      -0.106766077081669      -1.952146769890115E-002
 -8.459405114339125E-002  0.500632597527414      -0.465369045706407     
  0.232383453710398       0.160898310236270       0.132223226021935     
  0.168569803121889      -1.857230039020663E-003  0.339857178077873     
 -0.462878626279249      -3.338594694178562E-002  0.216681790012098     
  0.139094534509114       8.460524246534847E-002  0.197437773111068     
  0.134130458764063       6.572998395258656E-002 -0.425043632902197     
 -0.147595108618146      -0.305102087272951       0.423520373349306     
  0.111849712342022       0.379339727641704      -0.486400132177178     
