                   147
 -1.875260875081032E-002 -1.373665590160683E-002 -2.956959133170308E-002
 -0.141610119319823       0.293524163013954       -1.00691730177218     
 -0.452717716843377       0.909930788231750      -0.149460200709943     
 -0.982798740752682       4.658736552079629E-002 -0.372761258795959     
 -0.222539335793816      -0.769590179329393      -0.697958853854896     
  0.750906486989186      -0.286781017977931      -0.660164379185508     
  0.594388949139359       0.765265299550119      -0.338380886643523     
 -0.754024747179774       0.272443772911702       0.657168571844435     
 -0.687932385768687      -0.722229044516355       0.300700303759351     
  0.426390015310014      -0.930132220030772       0.168260779077277     
  0.943782733907889       5.756592873490840E-003  0.342405013136267     
  0.258150265072049       0.722024252164738       0.674448618992705     
  6.866173488797001E-002 -0.340036909423142       0.957178572177569     
 -0.235697988061215       0.558493796969001       -2.03959072028187     
 -0.502875257084099        1.27477114036472       -1.12819283348301     
  -1.09868455304112       0.386134017148577       -1.37804288857078     
 -0.337818164121616      -0.481298008238463       -1.74488966988500     
  0.646647656311402       9.634112237566216E-002  -1.68286797566367     
  0.536065250636056        1.11591125957832       -1.33281934856380     
  0.234859374699336        1.73462987631493      -0.482296569113813     
 -0.867890014626251        1.88413787095291      -0.271012300143202     
  -1.43152856160883       0.974344169504366      -0.552303920915446     
  -1.97736243995534       1.525851682438756E-002 -0.747554704291067     
  -1.19727673319034      -0.722757664745416       -1.10806206938087     
 -0.485924065924392       -1.56896587448044       -1.36724542589493     
  0.546577721430388       -1.04291039927345       -1.43217394763798     
   1.50424077770498      -0.521831768840880       -1.35512557496797     
   1.41241392755186       0.476282471290872      -0.992058686347135     
   1.30182020565230        1.50969449862324      -0.661849663059877     
 -0.145402944865629        1.66321129979952       0.529921810160340     
  -1.22621859097409        1.23439001661365       0.551692329156834     
  -1.77027887508283       0.273976316281868       0.330163809847991     
  -1.67567783597261      -0.770362415422140      -5.071166788522542E-002
 -0.915979046744256       -1.53863462362209      -0.412609471870293     
  0.233336946812625       -1.70179309725767      -0.555131137901236     
   1.18631868569947       -1.23352486381972      -0.497664586528775     
   1.76947109078237      -0.256700600839739      -0.280910193673816     
   1.64230315301928       0.745483784130542       3.112589939123410E-002
  0.918612825729997        1.52368984464286       0.405297658503222     
 -0.513078745219561        1.00335229582929        1.39070148352085     
  -1.51506957052550       0.540639078708773        1.38624579167045     
  -1.45405823801378      -0.499536492874147        1.00868380803520     
  -1.28783952777782       -1.51769343523602       0.604604906388089     
 -0.214456857281532       -1.71795248262451       0.501707763349388     
  0.858705727784638       -1.90378429146947       0.312334205733370     
   1.39661255439519      -0.942667331009111       0.540349634666072     
   1.99425520767794       5.641298427250196E-003  0.757898077370132     
   1.29797341823767       0.736637899938293        1.07712870927562     
  0.506582816091877        1.47673039762062        1.39080077622229     
 -0.655415047203020      -3.275533895891153E-002   1.68888497817782     
 -0.557724467081622       -1.08771245464667        1.32330963745790     
  0.559546938695319       -1.27838997401343        1.21215154342489     
   1.08258543294773      -0.334130188836535        1.33351207233321     
  0.335148569844085       0.456863842464418        1.67409260252409     
  0.197436332785669      -0.632736203949046        1.98052062798076     
 -0.342588891102669       0.986905814447138       -3.05963551841823     
 -0.642709936327611        1.62071615301372       -2.15993227169925     
  -1.27038311315558       0.736445086616318       -2.37143881097223     
 -0.430048726109229      -0.179893653640003       -2.77856815342376     
  0.540837199996597       0.343622580177635       -2.76559614704634     
  0.408617292371602        1.40186390109385       -2.39049061026698     
  0.124550224446401        2.10998330028212       -1.51088305993475     
  -1.03991009337204        2.25887957254677       -1.30097898630514     
  -1.61443492173377        1.34048041925686       -1.50339285790274     
  -2.19264907680075       0.436581716028451       -1.84309670469439     
  -1.37516432269376      -0.381923030988967       -2.11706612512236     
 -0.550709860417079       -1.25142114274381       -2.44743470836029     
  0.455774233452455      -0.730821745219291       -2.50261114708587     
   1.43794243149793      -0.258448865670334       -2.41377321017440     
   1.29420382848030       0.846265208720706       -2.01910775902621     
   1.14851882421950        1.87928792567187       -1.66060540408350     
  0.864392571495827        2.57812994452005      -0.772465528101978     
 -0.245711873268144        2.66338876427840      -0.660878288877151     
  -1.27671043309024        2.88692412529734      -0.422748100328847     
  -1.87269494696292        1.97473696678040      -0.629118150676330     
  -2.47476791734762        1.08318523582087      -0.893832638731219     
  -3.00899464439149       7.663473822263206E-002  -1.18822698162957     
  -2.25506683195524      -0.671742971328811       -1.56487711775031     
  -1.51584701845700       -1.46421436824905       -1.84374574242535     
 -0.760622680274030       -2.26437877536694       -2.20947346191169     
  0.335191080935308       -1.89851176601293       -2.10691683483450     
   1.33767876649633       -1.40907947123958       -2.10579056826838     
   2.35531646934469      -0.853429562803446       -1.99251109700161     
   2.22726377027252       0.200112428639559       -1.62910570600511     
   2.05390379778510        1.23897608114516       -1.37027771232679     
   1.92823130270458        2.34044645741538       -1.02655480148658     
  0.420127316543840        2.52760159132752       0.267339897525827     
 -0.630293072667557        2.68043102390196       0.452532436065019     
  -1.64948365586045        2.23396174007037       0.395801323616346     
  -2.20358098440537        1.27777027790082       0.135092104231220     
  -2.84560501871735       0.293420276687670      -0.114275784029267     
  -2.70713521882460      -0.802929191615005      -0.498844424425135     
  -1.96305711726270       -1.52027551437412      -0.816127324433255     
  -1.29451808478297       -2.33429767238892       -1.19734365820563     
 -7.395554342237221E-002  -2.52914581593549       -1.27225041265810     
  0.963472541615658       -2.07785655711181       -1.22475738251831     
   1.93902914951716       -1.52437208083253       -1.14563036346266     
   2.63005160308185      -0.612040578871176      -0.996453724653153     
   2.49417994790982       0.472411106783816      -0.633319217823772     
   2.31360378057361        1.54683579593248      -0.336485501531788     
   1.62818393608755        2.32161015246775       9.124585842761504E-003
  9.511553824400670E-002   2.44211887545610        1.30581566937261     
 -0.962942455227088        1.98067692108215        1.27505337911412     
  -2.02422294761151        1.59307434385981        1.22983328053865     
  -2.53611232545421       0.630737668472952        1.00789385719847     
  -2.52430615672260      -0.484102429029538       0.628685781407022     
  -2.32664835786235       -1.53910203009373       0.308915328271730     
  -1.57140333307573       -2.31151874546068      -9.942228624261218E-002
 -0.436794331947300       -2.50775883501398      -0.200649631998963     
  0.613724467251981       -2.74824885037988      -0.430363197917876     
   1.65903800292769       -2.18605332306958      -0.345877494586560     
   2.23208960808102       -1.21420610627095      -0.176250320713084     
   2.79030527705606      -0.260886626312850       7.578727882992840E-002
   2.69991748724618       0.747142992481235       0.430258971391608     
   1.94070990499947        1.57476571463932       0.785262462041682     
   1.16878897114670        2.36757073327081        1.06753001406430     
 -0.275199048323057        1.76238189669384        2.13054794381160     
  -1.29426074530053        1.30372455724198        2.12345477451584     
  -2.25692564789311       0.865274849871086        2.10171982469616     
  -2.29652600583850      -0.218356316868260        1.69777185899346     
  -2.17133063817229       -1.29264595652964        1.33274858019957     
  -1.94797067495155       -2.32579663471450       0.937054798835638     
 -0.905049249637204       -2.48917039846309       0.802058909955273     
  0.264624638552156       -2.73546557083471       0.656356303349114     
   1.45091432110479       -2.82518708076036       0.522666102272600     
   2.02070375388028       -1.92771718425418       0.728831721007809     
   2.48422471149655      -0.989082080969738       0.920810979081509     
   3.06355317254673      -4.288752372225985E-002   1.13426056279919     
   2.26984082945688       0.750691219761620        1.54660201585827     
   1.44662770790242        1.47289324959483        1.77849148121780     
  0.763851241488835        2.25467264748055        2.18133698899354     
 -0.359947509387328       0.749477754153094        2.46531965732688     
  -1.43897005150709       0.278212424916218        2.48573468425073     
  -1.33134459004342      -0.791650966926795        2.03770100876633     
  -1.18581950850089       -1.88638415848713        1.63644020192356     
 -0.117157283792853       -2.11871879482199        1.58402881999480     
   1.02874225470415       -2.23191625403471        1.35366998587457     
   1.58232773316261       -1.29546350194105        1.51903096551420     
   2.15566398309859      -0.364598174363310        1.78323117680498     
   1.33885848954047       0.410659326244937        2.13952087748192     
  0.634716148631100        1.17732631561813        2.41058984990859     
 -0.558522369544750      -0.353214265997792        2.74569112287160     
 -0.531739184940406       -1.43988314662554        2.40149911630208     
  0.672344165321992       -1.65078249646735        2.21031594957088     
   1.23419613581519      -0.671863848470077        2.39489687015771     
  0.517212135589578       0.109351878975444        2.74572613688700     
  0.383513716932598       -1.01442914030664        3.06318509601515     
