                   147
 -1.139288343477190E-002  1.715891940314233E-002  3.147205862034153E-002
  0.279803652686433      -3.050061397940357E-002   1.02023131752814     
 -9.832346141166895E-002 -0.907098643442611       0.471985455403863     
 -0.753742537603157      -0.142222030948352       0.720180383258843     
 -0.198663976157541       0.868612669088997       0.578778038150727     
  0.806636996730125       0.602349124581531       0.261597399915121     
  0.865351985431473      -0.506522196399856       0.219162113204486     
 -0.812620866981419      -0.588684536157205      -0.260283122798387     
 -0.925264286767979       0.457283478902462      -0.141648340505546     
  6.271717929556525E-002  0.915616782037044      -0.482678511583513     
  0.743360706819318       9.332959875157695E-002 -0.668359653000511     
  0.224629273241958      -0.810229879388133      -0.579578080918753     
 -0.343070067145195       7.295024770387501E-002 -0.955777977896903     
  0.602518366677432      -1.746131834299502E-002   2.04060429512117     
  0.275503401587573      -0.993736451842917        1.44475942426721     
 -0.437991917257891      -0.211213910649386        1.73745825659090     
  0.116224932369859       0.859292082705973        1.62435147874795     
   1.15102320641161       0.499491172273911        1.29812694830296     
   1.23275866295825      -0.577193891231554        1.20672474033045     
  0.866456020371545       -1.45206206233878       0.661422290330349     
 -0.153201789533835       -1.87460745842406       0.915987090291325     
 -0.833681568836932       -1.05707665263943        1.22115690909636     
  -1.53990028468107      -0.213011345802184        1.43260823569746     
 -0.933084167550449       0.737974580331455        1.32981172443286     
 -0.451961237432165        1.74911278920415        1.14169683290290     
  0.652035941585643        1.48218444818441       0.903055876017927     
   1.64153277619609        1.16602554318635       0.563177248763884     
   1.72983203901665       0.109787036874727       0.448961530294068     
   1.82190991992742      -0.974511818024116       0.378059867893596     
  0.178089102769648       -1.73806256977596      -0.125114923404476     
 -0.927637116388187       -1.56064560654268       0.188599690069924     
  -1.62420909094414      -0.707810869195498       0.422974066727946     
  -1.71761268095330       0.397314044936577       0.543943344705258     
  -1.13746328508264        1.37298356152232       0.444695525319046     
 -0.101781003335355        1.79910593543430       0.107586789776154     
  0.874555743838291        1.53699300021275      -0.222284553225125     
   1.61265914030902       0.677980650022553      -0.464226681556182     
   1.68661373449815      -0.375372549496163      -0.517980791264041     
   1.13787863518575       -1.35640131421356      -0.441762543273148     
 -0.619906871543842       -1.42686799300102      -0.885313190781117     
  -1.65586622695183       -1.19439445904581      -0.583894448102074     
  -1.77943965968631      -0.100922025566755      -0.452409476174084     
  -1.79323810861861        1.00047570591055      -0.332891203210326     
 -0.849468561993659        1.43524113068149      -0.683775705169724     
  0.125999000437519        1.87995572223388      -0.953526898297057     
  0.815140788526043        1.02344014079927       -1.19131936306423     
   1.55784646945522       0.193976104753481       -1.44463933272996     
   1.03786088561567      -0.722110387914866       -1.33752682821592     
  0.436466626721346       -1.66458837234896       -1.18757233478892     
  -1.14254111141327      -0.562710962270943       -1.28877090575315     
  -1.24112475936540       0.548859501845613       -1.18477252698055     
 -0.252345354117123       0.985795386947259       -1.54311838295631     
  0.452735853963724       0.171166334682628       -1.68155314581134     
 -0.102964673474922      -0.817567827490489       -1.56352687847522     
 -0.639485605473052       9.558836126808790E-002  -1.98587995426004     
  0.956727456900451      -0.164170123918105        3.08390020657097     
  0.579976624771988       -1.06640964559169        2.49629764085311     
 -0.173309611490730      -0.304923529316276        2.76711620171828     
  0.451436707581314       0.838719697465907        2.65150877516928     
   1.47412036411775       0.540417244299533        2.36516844161736     
   1.53943896232865      -0.583864120141504        2.26624495963381     
   1.20503174566247       -1.54724249058296        1.70418575101342     
  0.129961172771295       -1.98139312326394        1.98335262447906     
 -0.588122407940972       -1.17947584545089        2.21955552293543     
  -1.26131741600367      -0.354539457943127        2.58431793331782     
 -0.671709995123802       0.656169955660671        2.37426994376992     
 -7.241682794264293E-002   1.73161854171921        2.20352579008243     
   1.00340525450439        1.46187015447551        1.96494444587366     
   1.99719542658402        1.19328839750790        1.59626081547752     
   2.05923830571153       1.763071383125925E-002   1.49236431675516     
   2.11046685621490       -1.08115100219304        1.40906744498242     
   1.77059596552818       -2.03814163204091       0.837615744354752     
  0.757768297761789       -2.37459976280316        1.17381315398190     
 -0.184431699101376       -2.85947599310157        1.39011452217409     
 -0.918818407175812       -2.06668909285843        1.63918608704283     
  -1.63403693568768       -1.27865015822567        1.94722375488090     
  -2.31165772252374      -0.360574160679370        2.23562739773388     
  -1.72625036795706       0.599231633878130        2.15554785283478     
  -1.19818496424664        1.57086910595299        1.98439847452050     
 -0.630034083957968        2.57666330951196        1.88456740962950     
  0.431202867228603        2.42762641039717        1.44100403683444     
   1.47637777774812        2.17103432713809        1.14724102252822     
   2.51832723257919        1.82469610028538       0.757938158665397     
   2.58980467947310       0.708869759768929       0.667195378931360     
   2.64971918643350      -0.373878605070875       0.685891077957586     
   2.74346866301862       -1.52893008395464       0.620751826921565     
   1.02165231555652       -2.36432673153276       5.415754863812738E-002
  5.853541331055889E-002  -2.77223908396507       0.313096636463666     
 -0.971493243377326       -2.54429815321284       0.671407372952793     
  -1.66333645700219       -1.68680111409067       0.945901552411870     
  -2.44626435450479      -0.823804452516941        1.23845034944034     
  -2.51388952677419       0.340164058638419        1.33670116327988     
  -1.94747067213578        1.25260835934455        1.21211590790609     
  -1.45655723069832        2.25801633066400        1.15678771395223     
 -0.387412741206233        2.71001426891348       0.725536438376477     
  0.663423092177946        2.48376846971561       0.369542752634354     
   1.67773571254998        2.14020942723990       2.682721704508684E-002
   2.51625891656788        1.38220745835984      -0.206467278958688     
   2.58967535634742       0.235796305055065      -0.288410730178845     
   2.64113491774629      -0.892217242956723      -0.295026547001539     
   2.13510263708327       -1.85444984536599      -0.208068229155215     
  0.370660348377778       -2.63301330612367      -0.779742243160922     
 -0.707081329605991       -2.40597596092160      -0.432915726402457     
  -1.76181558400156       -2.24509412991982      -5.841661057116931E-002
  -2.42978338966633       -1.38379312558301       0.163752942021401     
  -2.61873963632684      -0.229669177407980       0.301955845253541     
  -2.64183220321104       0.889801918071005       0.326391600531814     
  -2.05199888759173        1.88111574709101       0.270215188669801     
  -1.05236489086924        2.32410471530734      -0.104734648446677     
 -0.100138002785927        2.82660386471992      -0.339153239389821     
  0.977904633941751        2.48758656872060      -0.711676230992325     
   1.72057746408607        1.64403972406577      -0.907926890412053     
   2.41809052717171       0.792444163065560       -1.17663908375254     
   2.51330247902269      -0.270484163239973       -1.28181466600647     
   1.95291000935602       -1.29998889073105       -1.16578321526398     
   1.39434558747036       -2.27951999530100      -0.985224918872650     
 -0.423881427434907       -2.29384078938107       -1.50982713425059     
  -1.47322836711021       -2.06793629302068       -1.19879374528960     
  -2.46117116778861       -1.84557060390216      -0.892270024329136     
  -2.67958046430617      -0.724514959114277      -0.706446792849436     
  -2.75909555317956       0.410682015666922      -0.616896342714543     
  -2.72834806894039        1.53552207760390      -0.529414956760387     
  -1.79113731206237        1.93814793449610      -0.832941549713367     
 -0.760022943021486        2.44746154701889       -1.18991545390499     
  0.327347595769343        2.80964029878998       -1.53583176354261     
   1.03392426975375        2.02541929060827       -1.77741671608208     
   1.66103190179118        1.18472865027939       -1.95830020317155     
   2.38791906368278       0.354643021050841       -2.20132125732569     
   1.76819192411502      -0.665489685747084       -2.13033173276188     
   1.15916391368310       -1.57533587828429       -1.89732287461636     
  0.639175618109736       -2.55921260093354       -1.86202414549580     
 -0.899606816207796       -1.44975569854805       -1.96417822945037     
  -2.01551090373299       -1.23168992660482       -1.65757944142438     
  -2.08297565572922      -8.161337799189494E-002  -1.48524972518883     
  -2.13841500392841        1.08681869802693       -1.37424743885408     
  -1.22434176621178        1.53703233800247       -1.77492571526131     
 -0.149169648436062        1.93940807249044       -2.02203559974600     
  0.567109043327520        1.12634792358885       -2.21340676383514     
   1.26789304111089       0.295631194170215       -2.50295463403612     
  0.640030409066261      -0.696699061450682       -2.37564816748435     
  0.138680175146528       -1.63480746872546       -2.21541815838075     
  -1.48645587353389      -0.529572297660487       -2.34212070884259     
  -1.66501347177811       0.591566197149605       -2.23628880414055     
 -0.578064408116329        1.08698644152636       -2.55869657056476     
  0.151744374786945       0.230436442053827       -2.76297753196212     
 -0.382584989287086      -0.745698162069716       -2.66759090238346     
 -0.928872304414667       0.197413235348136       -3.10764805613970     
