                   147
 -2.251645901909562E-002 -1.825746270578708E-002  2.396645386018194E-002
 -0.930247192820561      -0.499852272398741      -6.985827654806255E-002
 -0.800576555668721       0.568450837057273      -0.302004215988256     
 -0.756161834874998       0.254711962080907       0.685824904302655     
 -0.191790599349717      -0.760379987311209       0.716922591824195     
  4.557125460604983E-002 -0.988914608981928      -0.319205371063892     
 -0.356987537085803      -0.165786886797866      -0.947895264536894     
 -4.161694341968591E-002  0.981337777925479       0.331502120980580     
  0.263138712525418       0.207380685340055       0.986426734294912     
  0.811857268415711      -0.551689454906875       0.334354008105593     
  0.688611150771781      -0.230911003521992      -0.693177446034016     
  0.217322040197272       0.702378530738865      -0.708715069780228     
  0.884918535582687       0.478597555871123       0.156185522825067     
  -1.84086375481245       -1.05600592515217      -0.153203431261079     
  -1.70487308944138       7.734452747500464E-002 -0.488026256450288     
  -1.69720657797735      -0.234429212950403       0.565457518136273     
  -1.13483848535292       -1.30452477379506       0.633060480154183     
 -0.925117563450226       -1.47495641179328      -0.477640559305629     
  -1.26875361599136      -0.670877197541509       -1.11768481953855     
  -1.14044600158841       0.388629212401817       -1.35832984469768     
  -1.59744293869604        1.16924431423477      -0.676535329687729     
  -1.58537354749081       0.808513425695182       0.369536141391629     
  -1.47833960381247       0.475750025150032        1.43429669404864     
 -0.970487330943990      -0.536146437758591        1.39798179714322     
 -0.367247513558931       -1.49434574323910        1.48296872226195     
 -0.196677189001094       -1.80450173667150       0.377654721201616     
  4.059190384310840E-002  -1.97842711382873      -0.674975917217850     
 -0.273630649586413       -1.18509161502826       -1.31401014606236     
 -0.638511979476179      -0.388317121794042       -1.96302587056242     
 -0.572758561614790        1.26480232967260       -1.06792025263675     
 -0.847963921257716        1.61635917316583       5.948410236079060E-003
 -0.757860458059498        1.26338323286985        1.07119969743948     
 -0.430491152108709       0.433347812510885        1.74092308149233     
  8.257777667795801E-002 -0.584057892635972        1.74032123017817     
  0.617360618376385       -1.34605068039025        1.03234194411933     
  0.866436219957512       -1.55739467709512       2.038997026911182E-002
  0.783009202472564       -1.21952485498866       -1.08419988627747     
  0.413877078581798      -0.442583341770840       -1.69902921983206     
 -7.859034925886993E-002  0.570210819139706       -1.73159742347667     
  0.204352310400366        1.73873219960833      -0.372916499887410     
 -3.378766969086722E-002   2.01521962826464       0.668694291225248     
  0.277671973820465        1.20655244845650        1.35955674979731     
  0.609151957581236       0.336670729530631        1.96037185705833     
   1.15505910502375      -0.376980388925257        1.33146062888217     
   1.63245729220776       -1.14487725241134       0.695458178092629     
   1.54360499818060      -0.783839275813758      -0.366067822969326     
   1.48267624437743      -0.466699736511991       -1.46128630445178     
  0.989533300837722       0.470086837599122       -1.47899251454228     
  0.442254543060729        1.45544567690116       -1.43449448123328     
  0.891673277597089        1.51481562610709       0.439575534767575     
   1.23686890097095       0.688884249606615        1.11396461982362     
   1.79288867947719      -4.811970886005645E-002  0.447123856565989     
   1.63081643092268       0.236413841548208      -0.588587218632882     
   1.09665009106153        1.24361365325993      -0.611897732832865     
   1.82014837596389       0.997007310546008       0.234167630860593     
  -2.83479180517161       -1.51663871969186      -0.341294822296322     
  -2.67933253541978      -0.415352410473867      -0.594780521685324     
  -2.66222668405595      -0.681648203904843       0.477337891635816     
  -2.06446232623680       -1.84447935115010       0.523102134767871     
  -1.86721520416160       -2.06940727300000      -0.538669029059704     
  -2.22393521761421       -1.21764762970674       -1.19083258450320     
  -2.11407054990938      -0.102340108761457       -1.50683181504155     
  -2.60119745783599       0.708180993265778      -0.780222862071072     
  -2.53433400813236       0.404763518938959       0.277120163606830     
  -2.57340502218771       1.279559249843598E-002   1.33144353849969     
  -1.94444838870473      -0.995967577171430        1.32139325828349     
  -1.32496414504859       -2.07329904751822        1.34356762109286     
  -1.15709290499348       -2.36605298292393       0.260427379308564     
 -0.874176695101927       -2.56785180764438      -0.776355306765043     
  -1.24712034155774       -1.67360750191881       -1.45315287526743     
  -1.60866661867810      -0.839192840702070       -2.07758898516985     
  -1.48794490820358       0.277659698677920       -2.38737440768622     
  -1.98472161472515       0.959695545787930       -1.65246443789152     
  -2.42754931100438        1.75939047648526       -1.07451658219502     
  -2.37699121773566        1.46705131206379      -5.941248973220348E-003
  -2.38123408728778        1.14645644979060        1.05454498062759     
  -2.31337102744550       0.714147904310326        2.14711720059632     
  -1.82390939564843      -0.301072709311550        2.13731494402345     
  -1.24949788315739       -1.26100874640231        2.16557757740184     
 -0.724463961334935       -2.29449964742454        2.19046899445464     
 -0.321518739343941       -2.59616924217510        1.14556950970765     
 -9.955373163807368E-002  -2.86218140516794       8.514701662341367E-002
  0.173636901108323       -3.02374125456027       -1.03575924478206     
 -0.186844397102294       -2.18470085511566       -1.68727758022542     
 -0.634774141637330       -1.40423909355587       -2.29268792170748     
  -1.03319892632169      -0.556899324489503       -2.97858077920409     
 -0.942437819319704        1.21600816923069       -2.06636939497202     
  -1.39453081100956        1.95327235364422       -1.42364896188420     
  -1.68619988893531        2.20927853772738      -0.379286635827312     
  -1.63066500099785        1.83561287246866       0.691500507225647     
  -1.59433203496375        1.50064101505869        1.84466914170220     
  -1.22121103265097       0.620329617804002        2.51911828196590     
 -0.711053179400613      -0.332539580068931        2.49293311155347     
 -0.231024918977870       -1.34001498736368        2.59023972856716     
  0.402027475332571       -2.10551139010428        1.85090917886169     
  0.693375161154528       -2.37493441344843       0.790389318073849     
  0.923588161749296       -2.54054833256976      -0.297678166045350     
  0.878141713449828       -2.33679211665762       -1.43281361839554     
  0.497456342843893       -1.47884821320827       -2.10017719425960     
  5.407511828748340E-002 -0.650320018730965       -2.72632457360154     
 -0.438384933876811       0.321164585352909       -2.78309393422259     
 -0.322485523804321        2.07602021259103       -1.80673442810602     
 -0.606577889554602        2.36277844030798      -0.724873549866340     
 -0.941262324067599        2.67707396367314       0.308471287052885     
 -0.835065820870904        2.30660615006615        1.35195373605020     
 -0.508949689042744        1.48505322101153        2.13009616946979     
 -8.376586307466818E-002  0.641117851846020        2.73120989681334     
  0.396703827914544      -0.409054788655695        2.73817683680494     
  0.970918692751550       -1.15049188972442        2.06242314804146     
   1.43791904260365       -1.96238016786253        1.48195642686882     
   1.70063796036757       -2.15517184735624       0.337538596079345     
   1.58186899743926       -1.84811137758974      -0.754824134169207     
   1.52371663817093       -1.48409371478842       -1.82629749353024     
   1.19891605977751      -0.692732628893883       -2.47297829713240     
  0.649977883877912       0.348607128977622       -2.51373844020293     
  6.215806928413570E-002   1.32764671259106       -2.51884293833732     
  0.438486445893734        2.51593906365649       -1.09486952264038     
  0.188200547595852        2.80116716474933      -4.372466592912061E-002
 -5.607992797995331E-002   3.05739534042874       0.953325202362998     
  0.211645729483137        2.25953907278485        1.74752102292047     
  0.580550834328797        1.41062789278362        2.41555765074714     
  0.953121608010293       0.510479151536876        2.98545836827973     
   1.44248087552716      -0.192506102148025        2.35384201599567     
   2.02853563772942       -1.00778013753354        1.68908970938539     
   2.54851742877806       -1.74620346327778       0.903242294735008     
   2.49305186460700       -1.44798250802727      -0.136278897077146     
   2.35516357209543       -1.08596542926850       -1.12757805690380     
   2.28371667235555      -0.763517976782015       -2.20803597447362     
   1.77654028201379       0.319306991337091       -2.20218985685140     
   1.16597504315964        1.25389030254404       -2.11977345644582     
  0.711333809720073        2.26812660112408       -2.18514403607516     
   1.16682649178763        2.30027810493033      -0.341052348368310     
  0.913877257472257        2.62917002773691       0.761056638184063     
   1.21368876001899        1.73234284812653        1.44130597804551     
   1.57759204732384       0.837401176084166        2.11009768425955     
   2.17363531997247       0.146280725059561        1.50524214281158     
   2.61871195886432      -0.651898897448317       0.767827276346983     
   2.50628355253369      -0.355373334213232      -0.285822255636642     
   2.47573219568747      -1.359313868046330E-003  -1.35295259126442     
   1.92775918475155        1.04434469357175       -1.31598685747318     
   1.37821073637717        1.96837066791257       -1.35127989221275     
   1.84982144777587        2.05950616152460       0.558679048464055     
   2.19287821244534        1.26905982489935        1.30536598260640     
   2.74475126378238       0.421433616225400       0.592756553142285     
   2.62742246318027       0.748240549909324      -0.496950128967155     
   2.12016062336197        1.74253964381612      -0.535679723618106     
   2.87133382891803        1.48499301044977       0.330892710790632     
