                   147
 -3.664969953668568E-002  7.895586692952278E-003 -3.029194032871432E-003
 -0.658603817341248       0.234727824164214      -0.794503727569390     
  0.216174590625904       0.850362453381650      -0.534245230543664     
 -0.610271562053865       0.852038790739080       9.280745193461615E-002
  -1.02710406930050      -0.231292627034898       0.143179304635428     
 -0.388991952606757      -0.815490304750332      -0.515346228942910     
  0.368786946296930      -0.128191417310212      -0.949207024188700     
  0.377843896742467       0.810674589943618       0.524108919493032     
 -0.407678518181676       0.229064558297071       0.930921095882315     
 -0.222202694931307      -0.837497060613217       0.569640867126495     
  0.601498993336833      -0.792819179440952      -0.132803952992221     
  0.996229635943198       0.175437325392037      -0.139963484737112     
  0.569486068560735      -0.198014958955819       0.820369457250037     
  -1.33525153142823       0.413091634460795       -1.60432472350392     
 -0.349691004449370        1.04447919680990       -1.39194951878835     
  -1.23354365044752        1.08846392890349      -0.740827757948847     
  -1.70957978677369      -2.330862140545931E-002 -0.683522132515977     
 -0.997809169118495      -0.567260523968927       -1.39358235736448     
 -0.219632572334810       6.503329675014385E-002  -1.80459511015148     
  0.654659196210891       0.673115351562974       -1.55404207619171     
  0.501782329823234        1.70266565412617       -1.10715871708265     
 -0.405936080870797        1.70703181126207      -0.474255730586523     
  -1.26842531310273        1.67399935213241       0.240533721814660     
  -1.66278942110456       0.612571951195529       0.208659322962190     
  -2.06309647636124      -0.441843930559236       0.339916222050448     
  -1.45868195213051       -1.05822416987626      -0.435821169274884     
 -0.775640238079931       -1.60774841335328       -1.08855008917626     
  7.558723462570638E-003  -1.00207433469550       -1.48382223524329     
  0.778109767000188      -0.363390873869489       -1.91688564259781     
   1.25065043857249       0.999942335339355      -0.710084343958204     
  0.648659621188764        1.70612246260806      -9.055961565717474E-003
 -0.233919878146541        1.66990640376868       0.688950326251118     
  -1.05467624523494        1.03741198747845        1.10243390745102     
  -1.47375148167796      -2.216565622463340E-002   1.09737229293273     
  -1.25923963928445       -1.09606593406194       0.686783412680383     
 -0.621333705573426       -1.66947731511202       5.827156279684130E-002
  0.280470776620518       -1.65848874485245      -0.668270082493258     
   1.01437205389401       -1.02234826986032       -1.08615279395858     
   1.46104704389029       1.194838140578180E-002  -1.09313550393940     
   1.41770551747632        1.00762709487931       0.422865165261145     
  0.805627522286838        1.62786229016149        1.10019656038710     
 -2.237391725554944E-002   1.02641032702065        1.52553149434981     
 -0.821015966999316       0.345161524385373        1.87996473624114     
 -0.623563453642039      -0.681290891104480        1.54792586934126     
 -0.484229446032573       -1.70336123038374        1.15039348653742     
  0.401467402107417       -1.66126942349337       0.458403620558337     
   1.29364419856985       -1.67733440005531      -0.254025886825643     
   1.68277232136173      -0.692855789028762      -0.275326744961336     
   2.03855540520603       0.377576548639217      -0.270949120278763     
   1.03363087334841       0.607706216868022        1.35840886241445     
  0.219888082282625      -3.232625144739038E-002   1.78771575103576     
  0.431934993678435       -1.09175869386068        1.42764847988022     
   1.22199504946706       -1.04958189392096       0.683370029202537     
   1.64151208216625       1.038345383655548E-002  0.654954536005690     
   1.23644838424107      -0.420708807634549        1.62972318491067     
  -1.91850026276576       0.686973674868983       -2.51000869565578     
 -0.998216871795538        1.30372571585852       -2.23807208639348     
  -1.86191686061857        1.37868637980193       -1.55320189423994     
  -2.36662974411401       0.172169238689749       -1.51893581964238     
  -1.72632419507735      -0.389821372575525       -2.21967283040531     
 -0.915904727178154       0.281838461323613       -2.63217048441798     
  3.499796535975502E-002  0.922312598525451       -2.42866723115761     
 -0.141341093360182        2.00436599970575       -1.95934577931640     
 -0.997552727307638        2.01657637466502       -1.26561693948111     
  -1.95177210957338        2.03428181488559      -0.669030762774132     
  -2.31038398016647       0.902639177537970      -0.605210272148365     
  -2.73701174543872      -0.263311988034554      -0.546540374392581     
  -2.13743151139885      -0.859844890966399       -1.30266896264599     
  -1.46297829236403       -1.45497844408255       -1.92444994893368     
 -0.616662654620034      -0.748813546485746       -2.35094235120736     
  0.162663443923655      -7.921058766042752E-002  -2.75239808022882     
   1.11502533464639       0.556860289071445       -2.53717493329608     
  0.848874975058989        1.55593908741991       -2.10932192422495     
  0.782133420141694        2.56310200348175       -1.72099152361719     
 -8.141022253654073E-002   2.59674532510146       -1.02598644829753     
 -0.980397051393373        2.64404208441726      -0.380218836124927     
  -1.93987912381081        2.57294758756043       0.297682229267379     
  -2.36149516906456        1.52799752300775       0.271973465506688     
  -2.73776597436658       0.476615632310246       0.344367929548692     
  -3.17860065854914      -0.595677609968889       0.359718108279597     
  -2.51062166517981       -1.34245086922922      -0.224506243504755     
  -1.88645512869260       -1.94949118051785      -0.921962331402158     
  -1.13567811141623       -2.53126053574405       -1.59653170608746     
 -0.335216319258102       -1.86602504971866       -2.01502228794832     
  0.361477115393086       -1.17342837378924       -2.47459970414183     
   1.17371753535469      -0.486311463466382       -2.93861679109667     
   1.72041385626579       0.950296375245119       -1.66549102362082     
   1.56819118922873        1.93574972575504       -1.25714550880336     
  0.918940758408705        2.57712516992037      -0.618072662333138     
  5.221991932484737E-003   2.55021749890457       5.549192397515557E-002
 -0.946546660940660        2.58457688419712       0.787803328548648     
  -1.78253786957757        1.88760573981336        1.21722038024082     
  -2.14570116430560       0.869273519475322        1.21294054131453     
  -2.63683713275702      -0.136461141199375        1.25969155877620     
  -2.36248633327537       -1.28517789637227       0.887493770647879     
  -1.71113799182157       -1.94004322796975       0.232458389752875     
  -1.00259102076040       -2.48814949756223      -0.447142635026013     
 -0.148508923651370       -2.60527497474538       -1.21456681001700     
  0.665660259260677       -1.91745032179937       -1.65090271691143     
   1.40793384947815       -1.19895927637872       -2.10687086810814     
   1.84470119273016      -0.200281449527534       -2.14427254292842     
   2.34856176452816        1.22353413137885      -0.815700923991651     
   1.69708098133334        1.89147542328157      -0.135415003950920     
   1.07336076913757        2.59962229932889       0.487560113965650     
  0.200939761061086        2.53484005956916        1.17462966332286     
 -0.686288274526498        1.93707298025811        1.66687708599185     
  -1.42941091714365        1.21308411361301        2.08872393663541     
  -1.88767796762640       0.153456514519128        2.05801728017741     
  -1.66487404243748      -0.923320269612021        1.70163980923542     
  -1.59390643013572       -1.95561429786700        1.32279135066357     
 -0.851610379240879       -2.55880189848958       0.614947212351300     
  8.008258510802113E-003  -2.54347926237921      -0.135032485731881     
  0.915045622332073       -2.52190099347013      -0.813827973698087     
   1.69757618199243       -1.91267997587823       -1.22179797340680     
   2.14366593976568      -0.823249399037493       -1.26088694629267     
   2.51100422276614       0.256446866483319       -1.31915577736834     
   2.47648053477350        1.22190832492229       0.308128566097827     
   1.85847918661358        1.85875653554811       0.987394567473974     
   1.26043459353127        2.45713684228976        1.62278259207757     
  0.352850002371899        1.91854200822556        2.09733971981148     
 -0.461083169844232        1.24502105727794        2.52965491018893     
  -1.24100189393890       0.507417835334568        2.87826907570606     
  -1.05894538997566      -0.475161355728742        2.51221779688062     
 -0.884519006901586       -1.60938872595088        2.14734620886085     
 -0.610350095320954       -2.67685813065468        1.67985641423208     
  0.235708221285605       -2.69563796167900        1.00424623222364     
   1.05519787267541       -2.60272826310953       0.331529300688116     
   1.93655802579263       -2.60434354256008      -0.375342683553902     
   2.39555079021562       -1.50072437987902      -0.341840958762468     
   2.66800891389342      -0.415285040678258      -0.366667382120952     
   3.15308621274076       0.586868260378658      -0.372668090875229     
   2.15341308587283       0.785952679866199        1.23051639277567     
   1.52808447906085        1.46871191899324        1.95825356041031     
  0.647056766164047       0.809421742044385        2.34042070082891     
 -0.198244947763981       0.106614491771090        2.75533698945057     
  1.861483022621868E-002 -0.930409520164108        2.47907927992136     
  0.192039776961139       -1.97896080270383        1.97965100149554     
   1.02230916756620       -1.96532794359205        1.25770101941369     
   1.93187710939978       -1.96780070695493       0.596107103289046     
   2.33002593500693      -0.855914285317563       0.614103086469994     
   2.69895822591804       0.151850375452670       0.540806088618293     
   1.69965564187047       0.399295491269346        2.21974347772709     
  0.859677149648709      -0.195503778444634        2.71033974130971     
   1.03092507432154       -1.34270003922805        2.27968774616284     
   1.90174477581227       -1.31358648491275        1.53884031190981     
   2.33467443367702      -0.284358447939500        1.51225454446046     
   1.92096551309402      -0.736061062075266        2.51542397909938     
