                   147
  0.539426968725627       0.128546860920739      -4.029798091764721E-002
 -0.440007021386499       0.216187981039817       0.368805138592057     
  0.135491420807298       1.952468939720789E-002 -0.128719848373678     
 -0.105385247293218      -0.202046503823454      -7.097706844245749E-002
  1.465036157567955E-003  0.356011359001388      -0.474545728665717     
 -0.391229945670403       1.501859638757111E-002  0.443941683720693     
 -0.343639831630936      -0.644589972150911      -0.157991766381797     
  0.205151810321812       0.360400337476189      -0.209213838009623     
 -0.533235450556771       0.126841496990474      -0.123183091488355     
  0.237389627542055      -5.558278212336420E-002 -0.253420280664468     
 -0.115721014391283       0.170445989560591       0.244935232422579     
  1.707431071754009E-002 -0.587992772475571       4.891553922415633E-002
 -0.526325307929549       0.202481203738009       9.006186094081632E-002
 -2.043890323970158E-002 -0.291644818782396      -0.250215151617514     
  0.135169008247229       0.659569107425323      -0.362525073322215     
 -0.144406092967161       0.271988409355427       0.383466191014588     
 -0.537516321962139      -0.437916930257489      -0.624003599038815     
  0.293430640780236       4.339382846844535E-002 -0.449241211206879     
 -0.804955638907878      -0.657569651373128      -2.663418456067422E-003
 -0.125211747823504      -2.647547685081574E-002  5.452127893885082E-002
  6.034713992520835E-002 -0.110548190962081      -0.115657263295539     
  0.475864415991926      -0.232066861497183      -0.690009871481824     
 -0.356178283406220      -0.217264800697770      -0.373795516315513     
 -0.685309912523270       0.587498948164284       5.443046178502618E-002
  0.145565336250198       0.187246027950319      -0.158295601170163     
 -0.240660503991758      -0.317700421685012       0.588416923778022     
 -0.603590323775988      -2.908843126994359E-002 -0.106482235702516     
 -7.607886175837653E-002  0.275534361586942       9.272762525511830E-002
  7.235990493631921E-002  0.307400477155477       3.713032975969897E-002
 -0.209959961580050      -0.312822522968250      -0.529514635072758     
 -0.419672110282933      -0.314545621733439       0.211767363625085     
 -0.182056672709438      -0.210172226725882      -0.248289438081922     
  0.141713008997584      -0.378889298037532       0.754013353367049     
 -0.206608049999225       0.201913057961879      -0.242336504526146     
  0.275992787215934      -0.266753474372301       0.359897569304119     
  0.414570823211567       0.178666367270631      -0.436612543068336     
 -5.347375484669259E-002 -6.383401487565656E-002  0.528012587647290     
  0.518490933462108       0.486231938009932      -0.104838189681901     
 -0.527235210870781      -0.355695170313977      -7.398574568823785E-002
  0.403237769016550       0.572482008791863      -0.395498394780192     
 -0.347213073777123      -0.519061830563827      -0.129585413351584     
 -0.400491568895323       0.460920693962932      -0.176440465219848     
  0.467230081904722       0.600882908963307       0.239570920676264     
 -0.185643016146403      -0.478350242990243       3.008565979821050E-002
  0.517752342375897      -0.156176080672813       6.940415912602910E-002
 -0.208944211193027       0.211189383024474       2.773586994732938E-002
 -0.236000599119663      -0.171726650003210      -0.276209598565395     
  8.361430067492459E-002  0.375659285825220       0.169171827609733     
 -0.195140634588777       0.384559772455051      -0.385932574491507     
  0.481025410200823       0.330833721401953       9.598918746442275E-002
 -0.653020999430582       0.125139555762793       6.158682156355288E-002
 -0.579928095098308       0.134603372769680      -0.587316904568854     
  0.321166931711518      -0.362985060718224      -6.170587189456346E-002
  0.218130193257934       0.440909813437568       2.640218542233128E-002
 -0.559373641929526       0.320281645605450       0.424693958783134     
  0.366769002337311       7.271169889821041E-002  3.779378457874599E-002
  0.526003613857695       0.173893647238965       0.271598993208358     
  0.112734543455338      -0.506044905578308       0.278837015655389     
  1.363578115529453E-002 -1.477162055847695E-002   1.06170617298429     
  0.228700465522630      -7.147154849555196E-002 -0.127295226222497     
 -5.544858654316275E-002  1.584790527422069E-002  3.865072196335618E-002
  0.268662710916408      -0.622018837990456      -0.622305019475008     
  0.318701852769881       0.262444298101951      -0.283092233215293     
  0.151555281484088       0.714415836004022      -0.332905191349860     
  0.576308834858113      -0.827361155257547      -0.338795619517098     
  0.106384757412428       0.117129922955569      -0.655556690390897     
 -0.200586940392522       8.066295418091338E-002 -0.410744798810464     
 -0.352752194697585       0.268372708168520       0.345186786238447     
  0.202652519388575      -0.377185513820353       0.366948402947261     
 -0.420728575942343       0.368472166974038      -0.244557650340822     
  0.158986315395317      -3.399464653871544E-002  0.222309417626223     
 -8.887035304053979E-002 -2.433553802137609E-002  0.301973683560122     
 -0.197627084247557       5.885641859046698E-002  0.530704677465167     
 -0.182691057476144       0.312730098817894      -0.374370545390299     
  0.159177782898384       8.417431620102639E-002  0.539964893949227     
 -0.362521354458208      -4.321104999828465E-002 -0.350873071991870     
  0.346312026711536       0.204368959694459      -0.423371828446664     
  0.207255590160647      -0.130760668220753       0.310043772438756     
 -0.444591205566156      -0.179885006644458       0.377231843550110     
 -0.125674931632131      -0.186291408545623      -0.310305999239487     
 -0.356442180120062      -0.288786688747274       0.168051958434976     
 -0.301758687568487       0.344728361859497       0.263373361775318     
  0.316933249021138      -0.480292183458450      -0.143768735839994     
 -0.343770542449195      -0.465137640974322      -4.597801331890450E-002
 -0.615959714659711      -0.706478933255976       0.585588858483951     
  0.397255276450469       0.506270523023131       0.330896351648667     
  0.242546626431246       0.133901351201328       0.177070633483646     
  0.269949905114831      -0.210180069581981       0.138957881829688     
  0.148210546981316       0.252369564855355       0.132209308750783     
  0.375245737144142      -0.287442025510672      -5.958645535316107E-003
  0.311526031416935      -0.311938693805781       0.310492435446485     
  0.426843297713428      -0.124666864374169      -0.451048805388355     
 -0.214358811562706      -0.296835735332169      -9.760600093596955E-002
  0.764091940485018       0.555535138541871      -0.404411402211366     
  0.123181464665089      -0.176449185492071       0.531763750146797     
 -0.147349183829454       0.384275235489036      -9.544224778587491E-002
  2.316171414963770E-002 -0.219757934049157       2.446010518520392E-002
  0.367636686711300       0.644353547725456       0.476646907129258     
 -1.753837418972505E-002  0.271259851805783       0.380212487269035     
 -4.398087621359616E-002 -0.363334530679798      -0.190283681165154     
  0.145628520838529      -0.335897583306699       0.853630270834845     
  0.603533729860727       0.105053719626830      -0.179634227093752     
  0.123577822752245      -0.170276839763922       0.847956265260104     
 -2.444304203764144E-002 -0.132775398369495       0.313695392926271     
 -0.882657380352248       0.294052369257123       0.597090534746671     
  0.178844473553893      -0.294313194971679       0.339162244004711     
 -5.742201560543833E-002  0.180368573749580      -2.594140724836379E-002
 -0.556596125613744      -0.153657824014143       0.155286470845276     
  0.571848284970005       0.917743728825385      -0.101082639347063     
 -0.463911139122922      -0.183210335725026      -0.410167708942962     
 -0.197478917719606       0.344754340503606      -0.565019132069817     
  0.246517135537807      -0.179829225108571      -0.576961516192628     
  0.166579101621121       0.299922254349511      -6.627526210633203E-002
 -0.145387364070739      -3.810326536612130E-002 -0.230544705836987     
  0.751893337273282       0.188672821137457      -5.388340874033728E-002
  0.286093434982018       0.236830165580784       0.448153310894916     
 -0.200583702784129       0.268800809553017       0.284527247409024     
  -1.12928383210426       0.131602169651999       6.355798025727087E-002
 -0.528150846570443       0.370581068605883      -0.825921012488653     
 -0.533474068069230      -0.369373729361879       0.131770716305980     
  0.350042086577691      -0.600240970852091      -5.461934664725136E-002
 -1.872128409981796E-002 -0.234893855648836      -0.899227430373172     
 -0.165874478860937      -0.346773635120305       0.821225664800478     
  0.299427500887883      -0.219755322785881      -0.269482754220701     
  5.666408108816259E-002  2.056909707600719E-002 -0.372197084570456     
  0.264776911925959       0.170638292013802       0.190407210325214     
  2.716940879825359E-002 -0.324426665488794       0.147814716918137     
  0.204721582561853       9.812138021915162E-004 -0.160220313445539     
 -0.184716571155858      -0.473234386471460      -0.767230406984315     
  0.735310861689365       6.053337120033430E-002 -0.581238849585333     
  0.477776703939199      -0.129368861815084      -4.857866098097429E-002
 -0.207767846286324      -0.144558192718481       0.453772106917840     
  1.110955012369028E-002 -0.151497545301076       0.281934391842559     
 -9.667570803756806E-002 -0.281320176907918      -3.800216269211976E-003
 -0.143018644806687      -0.312161350927036       0.325076531496680     
  0.313959040245317       3.510066683953063E-002  0.363799459670904     
  1.763408520330933E-002  0.142089835019655       0.490528859905337     
  0.795244944017899       0.455990273164097      -0.449488891544505     
  0.461207247862528      -0.159441638862813      -0.166689946981064     
 -3.995458934623478E-002  0.653534342166867      -0.213667953367560     
  0.278001638329313       5.825971619089519E-002  0.129206082869508     
  0.210790060573283      -0.164340395091887       0.269224653818293     
 -0.423543184841685      -5.332293538098339E-002  0.283001903489587     
  0.180703006335339      -2.401855262156468E-002  0.179601067550615     
  8.329161894046193E-002  0.214026507361934      -0.387593422274026     
 -0.148137916596482      -0.427351174478392       0.299444882618891     
  0.120671393740900       0.525032180716733      -0.320583373936817     
