                   147
  0.235362883631072       0.458853853174663      -0.207815138386894     
  0.221962280458042      -0.566105982493881       8.134749477334922E-002
  2.305196350867067E-003  0.186214352133972       2.503675503912868E-002
 -0.233358147539042      -4.789260993987456E-002  1.472607175429731E-002
  0.134592286682036       0.298220524223213       0.494862928457535     
  8.446346033570745E-002 -0.578880423574485      -9.018883656986426E-002
 -0.720119329641271      -0.199911380552717       3.091169326301935E-003
  0.291830935237309       0.301226660292274       0.199607872874957     
 -6.966147951326790E-002 -0.347302110521166       0.436040602945943     
 -8.640474266175052E-002  0.340153699128592       2.224412281657242E-002
  0.215986785459399      -0.234255583768083      -3.017427035289066E-002
 -0.499137442131349      -3.475595664439765E-002 -0.313167047895983     
  8.103728883925645E-002 -0.467681660880825       0.317545159503001     
 -0.360144919990013       0.124873087349874       5.276760226059095E-002
  0.481018619841483       0.347281836408782       0.482434358761887     
  0.352024387157591      -0.337242614608844      -6.498756726548535E-002
 -0.764371901082159      -6.751983587396770E-002  0.530332154781171     
 -5.939175194174372E-002  0.505908058673831       0.174160521113824     
 -0.788946418132619      -0.661934699941162       0.140586354757328     
 -3.432617164750668E-002 -0.133582460487188       1.813677796185513E-002
 -0.127244325585609       0.114197725591737      -2.653950092350817E-003
 -0.350148853229584       0.787509431025951       0.116791566399476     
 -0.426522090548395      -6.627889056436312E-002  0.357037905760450     
  0.369049708079586      -0.560703480381958       0.605954854358685     
  0.142476113918399       0.217455602093373       0.117138625275987     
 -0.117495495365578      -0.556391128298936      -0.426273660021148     
 -0.219567301647641      -0.418519372822984       0.391328017050894     
  0.260997422922872      -0.107637045275695       0.102957281524742     
  0.305582504692588       4.530172492540496E-002  7.534425744845817E-002
 -0.534061768255805       0.141035946738230       0.342364943465722     
 -0.304468729249775      -0.472472562692254      -6.306754323553596E-002
 -0.327988527482252      -2.631413511610337E-003  0.177147519121601     
 -1.147814280694728E-002 -0.352885527402295      -0.779433044545876     
  3.406399007706838E-002 -1.252932306322679E-002  0.375320411607944     
 -2.899547438947670E-002 -4.939114314370816E-003 -0.525348039580092     
  9.627890520200738E-002  0.599335801827257       0.161084201825569     
  0.132229173145236      -0.362486348838684      -0.369933249791721     
  0.522985375380467       0.492511078087570       1.282679766158651E-002
 -0.477836420189345      -0.387667167236034       0.177077483942795     
  0.458936617618706       0.578237453075066       0.319020309534490     
 -0.598645472202779      -0.215813511728584       4.269202115170873E-002
  0.240252384999732      -0.198559329155880       0.553918410015060     
  0.743891148309340       0.248033550228550      -0.147864002321741     
 -0.460332387076984      -0.181659490653491      -0.138857315982167     
  1.906433376786359E-002  0.366365692809280      -0.403346158807053     
  0.145271260561032      -0.176624209039964       0.191645680909028     
 -0.318214686830219      -2.763751914913277E-002  0.243831187641467     
  0.419688684560621      -2.298069910440609E-002  7.978288120677496E-003
  0.144122150619182       8.892220198942152E-002  0.553382043082614     
  0.452487421113502       0.336749242221724      -0.178620833563059     
 -3.066633957551748E-002 -0.554139933302271       0.371318974253833     
 -0.252570122478004      -0.104996990988967       0.790290943230641     
 -0.264684644714154       0.281730205076361      -0.298804446680510     
  0.456970227975393       0.172383534141389       6.435408372754695E-002
  0.305604793800519      -0.691640383370067       0.155188441972900     
  0.171980332070198       0.272278839483972      -0.193705604811117     
  0.391834963367971       0.261903497171128      -0.398191832042261     
 -0.313959268759778      -9.414590564985194E-002 -0.488985409862750     
  0.397450694220985      -0.628529155602586      -0.758029141442034     
 -5.435413681346806E-002  0.256805841744040      -6.864799524424903E-002
  1.484968325439386E-002 -6.699721070519470E-002  1.050908295104112E-002
 -0.723007265651735       0.568854950649734       3.894002032851840E-003
  0.205267853151253       0.433143313421069       0.144364370858241     
  0.545239007797660       0.344299834127040       0.477867037053875     
 -0.718734004478233       0.637124018147223      -0.457094347454892     
 -0.120398872731800       0.483182256291144       0.454786464648912     
 -0.136674616777405       8.971716725831050E-002  0.434423527920585     
  0.281356453069821      -0.480582105652732       7.410347353297415E-002
 -0.142949429076263      -7.126548832696923E-002 -0.540809371938297     
  0.126898933229509      -0.176693979052312       0.570323255094085     
  9.532795546085159E-002 -8.010411584667192E-003 -0.258267643841577     
  7.166707754272789E-002 -0.253430003044010      -0.174112972454113     
  0.205710723553227      -0.475187537363176      -0.236744376217943     
  8.791462236984966E-002  8.958470385983057E-002  0.505544303154673     
  0.322133315760432      -0.195215475921352      -0.426738811935292     
 -0.264755206778676      -7.952773237459994E-002  0.424241511637080     
  0.106892264273300       0.537725317237173       0.200917703785971     
  5.525592872604482E-002 -2.540778738157212E-002 -0.390488923678286     
 -0.127735778766274      -0.587595942370835      -0.103626245723579     
 -0.316276907024173       8.045198146037323E-002  0.200710954521650     
 -0.282336640083932      -0.394877457354017      -5.520919705928831E-002
  0.330716905492667      -0.388194131784443       0.138539240490544     
 -0.401409559727484       0.323957775113510      -0.292777117504599     
 -0.517821596782249      -0.261643979142661       6.957779818400289E-003
 -0.558940356079880      -0.866702391920692      -0.397298133122922     
  0.677155243557627       0.134186043959887      -0.216953622723978     
  0.248263531259525       9.130438891724441E-002 -0.195297656668018     
 -6.500144575579693E-002  0.125022814661140      -0.341323913178448     
  0.312380321559388       4.683881481683538E-002 -5.797175994525214E-002
 -0.162516127457283       0.293770085127890      -0.332799387216059     
 -7.906956830990586E-002  5.169253408897100E-002 -0.530881959290271     
 -0.175550086144397       0.608044204212101       2.542568970138018E-002
 -0.355360392061916      -0.121881789882815       4.951672780020994E-002
  0.531879372869124       0.871015810718986       0.120167200605464     
  7.839994065083350E-002 -0.227401698411270      -0.520790352381506     
  0.267365731973139      -4.776655562176318E-002  0.323608378720764     
 -0.179929029925589      -3.317230940642707E-003 -0.130548272659952     
  0.848177906017400       2.728658061411532E-002 -0.239562485002681     
  0.382267842527532      -0.234067965225095      -0.132417980164892     
 -0.406798063880199       6.771023394938933E-002 -9.210722904699153E-003
  6.589490321253970E-002 -0.408325302593803      -0.831653654372274     
  0.177308164408645       0.593106475206714      -0.156026364863466     
  0.205227610570073      -0.417171137133579      -0.739692759483566     
 -3.827159302540475E-003 -0.212565027476624      -0.267269583389010     
  0.266521418277866       -1.05421307175765       0.199170998326897     
 -8.603303344898824E-002 -7.087256489047566E-002 -0.470331826389548     
  0.135698945073809      -2.439997451558206E-002  0.132263012335908     
 -0.217921391898189      -0.542563856780638       0.125134288766302     
  0.921184602495956       0.546732355321945       0.178841752863563     
 -0.437514962226896      -0.129263434741448       0.457043481350258     
  3.950554157446385E-002  0.193548068950649       0.661875029771554     
 -0.318503987062964       0.538141522384988       0.186956550017307     
  0.283157118008096       0.182476881828866       9.283641654878186E-002
 -0.159073922199501       2.149548993551304E-002  0.223547840609031     
  0.337375765556977       0.638514186919087      -0.286917534715638     
  0.454657763199917      -3.376675199873913E-002 -0.361836283084506     
  0.297023870252031      -0.322633433463614       3.358481307211240E-002
 -0.144817809125789      -0.935174219109193       0.633338537779836     
 -0.121366551002754       8.751568048952676E-002   1.03731881790440     
 -0.412667129301517      -0.516910645699423       3.007124336434569E-002
 -0.465368960267806       0.292863952299073      -0.428327438715201     
 -0.558173552842673       0.518647590250423       0.532524688131805     
 -3.510024970848380E-002 -0.637753041600173      -0.643596861147610     
 -0.222656627647200       0.394036841350529      -7.569133917654801E-002
 -0.110098164178010       0.269868580358965       0.239194312604845     
  0.291636406406418       0.102201722091089      -0.199955395011565     
 -0.224573381123287      -7.772608088471224E-002 -0.267143185264703     
 -8.705580827741935E-003  0.259819348335856       7.463782719373466E-004
 -0.761288332263979       0.299069276687363       0.421557987114870     
  1.715270731998325E-002  0.938515446283490       3.285565907742974E-002
 -1.249476888410342E-002  0.406330965018092      -0.286541088074710     
 -7.018799691111799E-003 -0.443535402786771      -0.270556384095478     
 -2.362773562144389E-002 -0.165683592594126      -0.273043232647035     
 -0.275798673032741      -8.392346511328452E-002 -7.344126946423837E-002
 -0.188820357638032      -0.319816578578768      -0.292639747321621     
  0.250206915941605       3.273476091059328E-002 -0.410459885085374     
  0.318758031076544      -0.276550398402208      -0.288153152585019     
  0.434076182478358       0.919796316183276       8.907591351705202E-002
 -8.869124098495054E-002  0.463219059319904      -0.208521622293874     
  0.488376446527256       0.117757140841560       0.471146688575669     
  0.171710818291860       0.145965246371496      -0.215830625788270     
  1.067553715755290E-002  8.957807908900189E-004 -0.379219408525193     
 -4.613198962954193E-002 -0.510014575634876       8.900248030722938E-003
  9.331269780897952E-002  3.534272426730126E-002 -0.235649407177189     
  6.256049881797587E-002  0.306615560223427       0.324108905841667     
 -0.302250364662562      -0.312187784778089      -0.324691562078454     
  0.373941249883386       0.306137793493789       0.399301475993587     
