544
  0.506639163253723        4.82695578452268       -3.07300713322428     
  -3.52143505686629       -1.28774992269175       -3.61859055971988     
  -2.63423086568638       -1.35312659179237       -4.51705043535305     
 -0.365637762689179       -1.74965804033944       -4.44544016137355     
  -1.21956422110703       -2.05260291520121       -3.56303157572621     
 -0.202058675168712       -2.61680906299454       -3.68663327711116     
   1.41073111428084       -1.77700011245733       -4.67297507536758     
  0.449113343410094       -1.65800042927471       -3.69270874647268     
   1.02976134656929       -2.54125424147446       -3.69909739277966     
   1.96015430114984       -1.87289371029327       -3.59366930430999     
  -2.13371187425092      -0.341470644741479       -4.60322589891101     
  -2.97863186390839      -0.323157454851748       -3.47612463862026     
  -2.04158456562653      -0.989164422624799       -3.60764833120406     
  -1.38134096837659       -1.26335621877382       -4.28591572012636     
 -0.489870138798612      -0.490502872234111       -4.55422226149267     
  -1.20727349788269      -0.334236869154141       -3.67933904970515     
 -0.477218054934916       -1.19839408705239       -3.53330758936198     
  0.471608061164076       -1.04942196650605       -4.63078965130940     
   1.10601743228792      -0.137285502258025       -4.54628584997447     
  0.160835027887247      -0.408065390486140       -3.76361260297299     
   1.18944573764325      -0.900780434700306       -3.68243886286806     
   1.96650305088718      -0.812008039378273       -4.51595814190896     
   1.95658228976601      -0.197760570303465       -3.59535828040876     
   2.71859504631643       -1.12860000889332       -3.45289178872902     
   4.48618531571731      -0.325191029284021       -2.73024938631266     
  -2.99834121033409       0.306042215090784       -4.40790773259979     
  -2.08482163808143       0.937283891709026       -4.36200748114741     
  -2.82345919138682        1.00648313091349       -3.57847114340462     
  -2.02200031610299       0.249813930210875       -3.57745291517033     
  -1.15141400716026       0.403615716168474       -4.48595076935276     
 -0.357592538633957        1.38483583417548       -4.55438013873385     
  -1.30582925831865        1.14593597900556       -3.63164740553171     
 -0.437208829011521       0.519325931555738       -3.66836148064070     
  0.215013010422279       0.398195439132402       -4.51248248488042     
   1.12078153213219       0.993636739871928       -4.51746098203512     
  0.399839500298224        1.25378671557525       -3.76038351518417     
  0.988261946214720       0.303098961538442       -3.61856178504801     
   2.06557511610772       0.443791397877531       -4.53392404022444     
   1.80953286949420       0.972854703802607       -3.62475459584197     
   2.80788694885033       0.463965635721726       -3.58315878128362     
  -2.17741034506125        1.94318028484170       -3.73417333970403     
  -1.33737668581200        1.87826999329615       -4.45919871853369     
  -1.23733863401532        2.68308715799813       -3.79962046039174     
 -0.514681149425031        1.88357354000729       -3.65372592042654     
  0.632852023942806        1.91717512026804       -4.62120814228260     
  0.387604898087580        2.82439453001494       -3.67692859163886     
   1.15937983243071        2.02690023765549       -3.69215793883273     
   3.01131877153043        1.85809400885341       -3.49440327821878     
   3.75112924436835        1.79328400364099       -2.69259555890995     
 -0.323856664063938        2.47129372361599       -4.68831536169766     
  -2.75718436158397       -1.92436321675603       -3.50352305687082     
  -1.34325194904489       -4.59304031510469       -1.99847172601932     
 -0.271150583382467       -3.61625109698282       -2.64718587994042     
  -1.13915750769693       -3.60141454990342       -1.95607109485828     
 -0.209927233010482       -4.57945240040217       -2.13501391895272     
   1.08017000267927       -3.63481759491710       -2.85742529394579     
  0.501012126561256       -3.66657114606796       -1.92044626560049     
   1.05847233985944       -4.69450103430215       -2.16922161840391     
   1.84621693243804       -3.66121143958141       -2.08269133041202     
  -3.49381769689929       -2.04628388192524       -2.66832988644916     
  -4.51332092133251       -1.62872659865212       -2.38101445810255     
  -2.68980502919055       -3.01804111992123       -2.81787098079796     
  -2.00671006437770       -1.99463049831625       -2.72125730599642     
  -2.71815141969616       -2.00068017121430       -1.92148735949592     
  -1.86589424862968       -2.79384288145252       -1.94977981438692     
  -1.15904321492905       -2.71999099901492       -2.71052285597307     
 -0.393907325705495       -1.91690838900280       -2.78154278119136     
  -1.10432955008208       -1.94329872066620       -1.95944915177341     
 -0.327540869702291       -2.74729766449050       -2.00180643767558     
  0.479920346550341       -2.76210702446547       -2.75601323232336     
   1.05095230754385       -1.85788694288324       -2.85251817018633     
  0.393818745932136       -1.89662265325322       -1.99218156503208     
   1.19806007613117       -2.68313154687853       -2.00993190630059     
   1.74797558695699       -2.67312720877524       -2.86017300058787     
   2.77319810810073       -1.97277364537598       -2.75859128748098     
   1.89120874317843       -1.84462436061522       -2.05892351113597     
   2.65660197604456       -2.77025683560899       -2.06244130715735     
   3.61941892509695       -2.05977819170871       -2.05343693531989     
  -3.66221475945849      -0.374837561035936       -2.60911326044101     
  -4.53203608283348      -0.319166657177258       -1.85640511336226     
  -3.59615045574897       -1.24890389670870       -1.89806590659979     
  -2.81169056911840       -1.15944819960763       -2.71865942099495     
  -2.04760406102985      -0.293388982118626       -2.66140383082743     
  -2.86278023379315      -0.316858433683406       -1.84204790332629     
  -2.05512048127380       -1.12837081001795       -1.88954135481064     
  -1.29924031336483       -1.12359684599929       -2.74962135690883     
 -0.428475281348593      -0.213786313018888       -2.93186948959378     
  -1.26923373742152      -0.276052234655785       -1.93448215094417     
 -0.448097937358793       -1.00553139218298       -2.12621520640118     
  0.387625902781469      -0.973600176903171       -2.81680021897044     
   1.20345945871849      -0.270753371623558       -2.73768437332435     
  0.432690480087367      -0.291015754970587       -1.95238700560352     
   1.10968323297989       -1.08610877794864       -1.98638750383031     
   1.90578269923619       -1.04984166811699       -2.82070715939739     
   2.72888270869122      -0.286572271021168       -2.74524093469015     
   1.89697743425848      -0.406995688138552       -1.87161476493904     
   2.72562587387602       -1.11609492628489       -1.99959255203332     
   3.55321512302662       -1.09662680912320       -2.75702058023627     
   3.63937830589487      -0.382303013465903       -1.97138192324854     
   4.44839346595518       -1.11300774990560       -2.00485502098664     
  -3.63141238155873        1.17506848986909       -2.69149825086791     
  -4.44915575713788        1.27488323444465       -1.95342483611378     
  -3.73481486935644       0.442104764299042       -1.89358469074812     
  -2.87946353194025       0.411496040860354       -2.63817358441613     
  -2.04984616415344        1.09211782244177       -2.79332424481085     
  -2.89461364373705        1.21950785091576       -1.86029516961914     
  -2.00538733655156       0.473358775846789       -1.87597832897018     
  -1.20047075033069       0.491370466982186       -2.84694928471783     
 -0.435461809637198        1.22707497028416       -2.72272269846324     
  -1.24887685734105        1.19422662967244       -1.91011870534286     
 -0.483720715895696       0.463476172133558       -2.00008304476358     
  0.337763290666167       0.491149818039973       -2.73859819753676     
   1.20835081909024        1.29742703962604       -2.80211085652742     
  0.381308113175932        1.25723490586089       -1.98114504449602     
   1.17582962049555       0.490406685642018       -1.99901405754008     
   1.99956017569904       0.430247651492719       -2.72738807898774     
   2.73438612409010        1.24824831844246       -2.67427610579064     
   1.95737547764427        1.24987895459919       -1.99663216163464     
   2.74008568490181       0.466520364468135       -1.93286328152857     
   3.53040526182859       0.485076850461468       -2.71002429162091     
   3.57952587783551        1.15553415850069       -1.74147054989577     
   4.42204537077185       0.512215413280807       -1.98076792276449     
  -3.71067842333627        2.08222170510962       -1.88036773418807     
  -2.61605534425041        1.94891758203299       -2.66065741102161     
  -1.95774445437513        2.80575976864843       -2.71702948074674     
  -2.69065618269017        2.90636886075518       -1.88656593366242     
  -1.95014831584671        2.05748899218695       -1.91334944579115     
  -1.25010301056674        1.94186099919359       -2.76165291682613     
 -0.439583523861033        2.75347240666991       -2.87626533867328     
  -1.15195112587483        2.76461491824980       -1.96662297205290     
 -0.536165540520429        1.96869912326331       -1.94896556630547     
  0.301849909880870        1.99554499626626       -2.75286924190542     
   1.09389714694940        2.75987812848586       -2.78451684363605     
  0.320696153288164        2.73548370091527       -1.98006005907257     
   1.15064213579751        1.98698841894534       -1.99598525070386     
   2.02933087586719        2.11980540526804       -2.83059633137090     
   2.87358849713243        2.90298313191823       -2.67951732554517     
   2.00507862905422        2.87788262445786       -1.98624548602226     
   2.75659943960363        1.89106483775709       -1.86651661063785     
   3.56846115048018        2.60517461316493       -1.95180548255317     
   3.68587159252750        3.54740312952280       -1.36160052549336     
  -1.78961278935486        3.71512197890426       -1.95000887878748     
  -1.19586961291890        3.54239977939775       -2.88373250749846     
 -0.887049826160980        4.39966332101913       -2.02990429827905     
 -0.370952810827161        3.54532194855127       -1.98654489158076     
  0.356400352970768        3.56464262048824       -2.86694554139229     
  0.291475986772600        4.42092711762969       -2.00784997350131     
   1.11074427882180        3.62637482582754       -2.09214220311117     
   1.92974405317209        3.65606709098248       -2.76720300667991     
   2.71668687902058        3.74158960981267       -1.83607996187807     
  -1.78532223125012       -3.96357476777908      -0.986006999142701     
  -2.61536063725728       -3.72404437055182      -0.365047605884680     
  -1.91705341013141       -4.71772236580757      -0.316815229556623     
 -0.814352974441844       -4.63993614253734       -1.15603756720070     
 -0.323559482298706       -3.65059752781020       -1.28896675490280     
 -0.963741099657162       -3.73763492068665      -0.306954933445255     
 -5.876313729712949E-002  -4.45862873925883      -0.329721947357115     
  0.440767632861104       -4.60743437445356       -1.27769144995708     
   1.28100649746787       -3.66583712257143       -1.14394937669459     
  0.459115829425865       -3.62053917552923      -0.523759316481757     
   1.18222290532010       -4.61548646910314      -0.515489886919553     
   1.87513792862150       -4.50735795394510       -1.29996496611978     
   2.54650656488625       -3.67126601347012       -1.23432860398979     
   1.95040147133185       -3.57177324748260      -0.287762517699606     
   2.57290795435303       -4.68875248452704      -0.470916091194995     
  -3.62111499454525       -2.06109482091294       -1.17494993009327     
  -4.52226895501087       -2.08976027973645      -0.521806514905644     
  -3.65482634294532       -2.93907868888055      -0.430532565415239     
  -2.73279044840189       -2.90655616085829       -1.20302504782023     
  -1.95258918555318       -2.08841258763278       -1.09895746143680     
  -2.82877755954551       -2.05290868278407      -0.418848979632250     
  -1.76214051009470       -2.96129759921162      -0.400717988899143     
  -1.00124062949615       -2.83376286679737       -1.14759198818857     
 -0.345766633107215       -1.90835882093193       -1.16733781155277     
  -1.08894044997586       -2.04648689725176      -0.348665539011210     
 -0.273383182374122       -2.79330592184549      -0.378347480369297     
  0.413266265348913       -2.73517545643515       -1.26723223884656     
   1.07245921225591       -1.84439249153908       -1.20232326784691     
  0.402339192421961       -1.97881585157500      -0.353771208552036     
   1.20143409911724       -2.77961064108507      -0.470018922122282     
   1.97122201599604       -2.67065666014083       -1.26464833265294     
   2.77071409055331       -1.91184791563149       -1.23917842419723     
   1.90551278283814       -1.97714842565658      -0.475770577858943     
   2.68513564188306       -2.73047600705264      -0.341072646856514     
   3.40842989845130       -2.84643101645260       -1.23211948348598     
   4.35798253652018       -2.17150780387166       -1.19959418134394     
   3.65151285920309       -2.02522688381275      -0.434944245425508     
  -4.56053427319319       -1.37373257430470       -1.28478313530046     
  -3.69564159087027      -0.382255314672862       -1.17823634311485     
  -4.58506496302209      -0.417742047171878      -0.570010637288446     
  -3.68622291375100       -1.15657896494530      -0.506987823984353     
  -2.77538288230832       -1.12567954081923       -1.08187259560184     
  -1.97469124060818      -0.400194397571294       -1.06752836521392     
  -2.87339847136522      -0.375249593509366      -0.416171942036772     
  -1.91601300437405       -1.22503655110130      -0.370424323915118     
  -1.23031412720825       -1.21399082588726       -1.21866315825736     
 -0.408724773418952      -0.263863607597452       -1.26383046394615     
  -1.09388602115707      -0.380228983890750      -0.400693182918612     
 -0.442222769361075       -1.19320805621348      -0.408415847659711     
  0.249337328666044       -1.07664086459760       -1.18287780234249     
   1.09338230069783      -0.354838973446011       -1.14459160576713     
  0.309886492342375      -0.324486019888999      -0.453326314909758     
   1.09673594077403       -1.09854700564510      -0.369598396409556     
   1.90990117447924       -1.18861577140597       -1.15500061515444     
   2.84320887087136      -0.388778335977599       -1.25383929252029     
   1.96455979307793      -0.368600601659695      -0.439554740966245     
   2.84491816181548       -1.31552586445778      -0.385264258218518     
   3.66142019153402       -1.27113369752611       -1.24168364881270     
   4.48684288845968      -0.437691690645988       -1.21764930114239     
   3.62870433966258      -0.448006944184457      -0.462628121752142     
   4.59962236625913       -1.27534320923140      -0.515787652515555     
  -4.62273748566247       0.523513008472909       -1.21086282042270     
  -3.64051329886018        1.25312375346288       -1.14924865293144     
  -4.50288126566561        1.17512441837432      -0.340880842346684     
  -3.75625577080223       0.331056299728699      -0.373069850167570     
  -2.90403757390160       0.457354827245674       -1.06663297339961     
  -2.03539699635176        1.23718301915352       -1.08323758705910     
  -2.87962906821293        1.21406268695506      -0.392856690338800     
  -2.07630722229517       0.442997631956166      -0.414521403496381     
  -1.25663180306996       0.422877421382701       -1.13407256719013     
 -0.511694622168596        1.21980199303103       -1.22282978424147     
  -1.20814290986459        1.18314476582195      -0.368405973820461     
 -0.442539567464387       0.497327733264725      -0.373130419660710     
  0.325329350890105       0.485714689609003       -1.17468919961124     
   1.19999139809376        1.16870486845088       -1.24167942506307     
  0.406706861046203        1.15047943726725      -0.312141076441802     
   1.15594409198362       0.367240098995746      -0.372580827513017     
   1.94039782495364       0.354131970925294       -1.18928294688644     
   2.76461395266131        1.11955249735122       -1.06539418043026     
   1.94410117926965        1.15536350465452      -0.411972814859670     
   2.76842055410752       0.239041481298812      -0.401230062650317     
   3.70062183898149       0.355187522645995       -1.16392031728319     
   4.57031882558566        1.31474167144791       -1.24207232060736     
   3.62208139288551        1.16113382336889      -0.302532818947205     
   4.60236008960160       0.396503570360579      -0.461416363143201     
  -4.45377991776134        1.95058683274351       -1.06933155236465     
  -3.62773710559834        2.69556437507117       -1.03766846955922     
  -3.74538018439893        1.92408156619789      -0.275253902636042     
  -2.81804464975509        2.01502254749052       -1.12700350370164     
  -2.08386258145902        2.84952681638852       -1.01082714683026     
  -2.83871311759675        2.82216240037025      -0.296284424532991     
  -2.13835047215824        1.97194176893947      -0.334628215467715     
  -1.24648744396885        2.08520979875378       -1.10830357718448     
 -0.330361473681988        2.71444685820104       -1.14011900834319     
  -1.13616804865751        2.84582464486571      -0.303341172183842     
 -0.414572459442253        1.94763801242212      -0.401073560578830     
  0.450486332881788        1.95119880380772       -1.15713914857485     
   1.13950247537613        2.76314416944012       -1.23949878221829     
  0.410138372678749        2.76063513787280      -0.393727915163379     
   1.13239990716801        1.95987049875841      -0.420420455960101     
   1.95112550412141        2.00184974155032       -1.22473153595488     
   2.83382859798111        2.73637799272035       -1.16250661963734     
   1.84023977117405        2.74337987482547      -0.465090667470640     
   2.73465369730485        1.98764532634005      -0.335754670196134     
   3.61283268362782        1.94962285849968      -0.974165983384104     
   3.57073328876157        2.92957094861523      -0.387827984011915     
   4.60159076763845        1.99620943712310      -0.296495039035515     
  -4.48142824741243        2.80373784369075      -0.356199472021934     
  -2.68762577043140        3.69985814769489       -1.02671238110227     
  -1.70105193100371        4.53894702877902       -1.17838145582882     
  -1.82160903531389        3.70020012976954      -0.445849075524043     
  -1.10068877835451        3.56461829689598       -1.13166150859346     
 -0.334109410940079        4.42311677953110       -1.12288802077614     
  -1.03381786596136        4.51953983179882      -0.346684815442563     
 -0.343052452014345        3.58575537205285      -0.354437777097155     
  0.460325363083503        3.66477906943983       -1.17206387956914     
   1.20790911299576        4.58844949186730       -1.24412657619067     
  0.353281290235631        4.55622778391234      -0.370656203744219     
   1.13595100523249        3.59048175358888      -0.349676871179319     
   1.79348709676180        3.67593672865324       -1.21987913355701     
   1.93847928925430        4.52922398668851      -0.348991893720393     
   2.55469230962605        3.58852358212384      -0.531984177394113     
  -2.69484821880018       -4.42956432160950       0.394788386193060     
  -1.80366143226872       -3.80242933092554       0.399876673740738     
  -2.83819628721952       -3.60117051441134        1.03858070481274     
  -1.75646535219244       -4.52330618752908        1.17466772852332     
  -1.00917559165411       -4.70177404627527       0.333863063416402     
 -0.172277750160341       -3.68010225587023       0.411307488218749     
  -1.01016313197281       -3.63794745801107        1.16817227161078     
 -0.299323049455347       -4.41516101748509        1.10476320938513     
  0.637049188423061       -4.54480486737948       0.427364520656669     
   1.19644341916042       -3.65948422091491       0.453760885561412     
  0.515558450680719       -3.65352751650623        1.24726196495196     
   1.33446264243058       -4.62891940749961        1.31704721748820     
   1.86033322055647       -4.59412371410124       0.417916529849305     
   2.70255079308273       -3.68377254811325       0.561589602126259     
   1.91662493048594       -3.55579032395520        1.32743349957070     
  -3.70786700290553       -2.00677518993353       0.192069506330741     
  -4.62217326534263       -2.04750704021171       0.937372142635076     
  -3.53634691797332       -2.75560865155016        1.09690196018525     
  -2.71399294578014       -2.81861441899511       0.248995123102402     
  -1.93295695080038       -1.98734205004544       0.345131279741148     
  -2.84270218779154       -1.91884268357599        1.04347588034978     
  -1.92769698898317       -2.83165032561215        1.01063983029436     
  -1.03962701806775       -2.77793754351390       0.446811290354973     
 -0.358879308612831       -1.97952375728034       0.421457057639775     
  -1.19293960314100       -2.00497324949584        1.16410212603113     
 -0.277195705509506       -2.90640280522534        1.21256608004368     
  0.442009846212414       -2.75453455525863       0.409139756704922     
   1.20772586601169       -2.01261785490604       0.403649479933709     
  0.375729396116453       -2.02222557537417        1.18769100173494     
   1.23830082687179       -2.77995928280254        1.19622867997137     
   2.02621561082050       -2.73187231929077       0.431596770823584     
   2.73901574167501       -1.98300944917081       0.398052724776699     
   1.94416087612442       -1.91803149877999        1.24417858788373     
   2.71497050174384       -2.74565656599753        1.29423103130526     
   3.49304182028394       -2.84982925708382       0.457191176763785     
   4.37186405415488       -1.95425824975959       0.333905543529044     
   3.58755104272446       -1.92773885749009        1.22825171859226     
  -4.60636476421477       -1.25891785923890       0.216091037097772     
  -3.72598963620712      -0.465378606138255       0.284101683958981     
  -4.51686469828770      -0.464045459874575        1.03817798711685     
  -3.72649716985428       -1.23605265547555       0.977690471311738     
  -2.80066228874341       -1.22502792424570       0.297597180557118     
  -1.93733127935516      -0.408038181689604       0.404720780087323     
  -2.84829988732500      -0.425370085082802       0.999621943916926     
  -1.93757699585703       -1.23209072002182        1.11324524127945     
  -1.14537510892763       -1.18896114144898       0.322488077466570     
 -0.384849183570020      -0.449416480244548       0.386733025912111     
  -1.13329929793028      -0.497626154788755        1.16270501566954     
 -0.331133778197650       -1.15074992756994        1.18374898188658     
  0.398347267233565       -1.18463495385108       0.403069633860810     
   1.23639712646892      -0.339989446841944       0.367302685708892     
  0.370018403130194      -0.367660643326804        1.18339706931792     
   1.13514366536097       -1.19154292370388        1.20209603469273     
   1.93820267914419       -1.21475904785129       0.437798976926541     
   2.79274840292578      -0.480545894186971       0.377877275215874     
   1.98524623476755      -0.464270522194565        1.21285731121657     
   2.75393542172860       -1.22672432074990        1.17633275739136     
   3.60924208347377       -1.20971204272982       0.370533105077016     
   4.55958568660759      -0.545276164505556       0.193129717833891     
   3.76274920634602      -0.517953789918950        1.17634825386307     
   4.59728252320094       -1.21799720534118        1.05565494013509     
  -4.57501028366521       0.293448639187879       0.290984825748789     
  -3.75737430841610        1.08312813265220       0.398754052375811     
  -4.55469517146557       0.996192091354991        1.11720343429668     
  -3.68157304403855       0.250094177614204        1.02941263713665     
  -2.84826946381170       0.366491584226003       0.323856387119892     
  -2.06588487720510        1.22944038370659       0.355143548277833     
  -2.83758340047529        1.06125117898202        1.10451147937366     
  -1.88252905460008       0.332021442206042        1.17847847714047     
  -1.21404035872536       0.365064727838456       0.330489027045122     
 -0.433244170507213        1.25727355988811       0.365914620899705     
  -1.26064595859315        1.25766791792495        1.13098796183258     
 -0.398218032726511       0.399827414734099        1.13517539258416     
  0.368130639854647       0.347228704900404       0.363199016622981     
   1.28936843183737        1.06993394952403       0.429539754072891     
  0.483719111741881        1.09875628601288        1.16029140164150     
   1.18196872070467       0.355322449228009        1.17636476809103     
   2.03150067345260       0.301243796732306       0.416028167724791     
   2.71086186532049        1.15476651401810       0.413854558930014     
   1.99624653187475        1.06574827283328        1.17116873166641     
   2.85865889898655       0.199157525970833        1.13251963693555     
   3.67760716385483       0.216418087793325       0.404636625570806     
   4.63306556420152        1.07553604730123       0.324971033866311     
   3.51836006557433        1.01761441231666        1.07832606164423     
   4.62463618212395       0.204532745080890        1.03300920343070     
  -4.50969857975988        1.90069873485184       0.499298554759410     
  -3.63355585564863        2.76453749768076       0.452830323268301     
  -3.64514279473903        1.86392226172503        1.25989028619030     
  -2.79251504202818        1.99573295261484       0.534631306829071     
  -1.91894424839306        2.82721823496716       0.373094216398570     
  -2.72441997292510        2.82654462054500        1.24323639376721     
  -1.92848942741954        2.07569227302722        1.21177466099678     
  -1.21942216696580        2.03133438066145       0.402520262611688     
 -0.401926357126156        2.76536507546510       0.452581813141090     
  -1.13833005505222        2.72982023366188        1.22116128255281     
 -0.352172664250633        1.92921045570968        1.21383446637594     
  0.419858773534220        1.97129375921839       0.347383629380655     
   1.21191696761564        2.76308061494779       0.369570087576687     
  0.379620756515240        2.83184583398332        1.14342807052696     
   1.17655398402561        1.92253270688590        1.22527684558172     
   1.93671026375658        1.95416458504011       0.350743331397812     
   2.62970445952084        2.76163472436958       0.262859724731814     
   2.04036012022336        2.78712462017418        1.09538273179138     
   2.78156356154775        1.96218360785712        1.17137841521017     
   3.65135546187491        2.04030043911459       0.276418680135800     
   3.47366200109632        2.74777680596645        1.09282016502433     
   4.50011510044301        2.00780444411076       0.863559747937306     
  -2.60998519568192        3.74892592832224       0.227902098354596     
  -1.80407427842558        4.46830658297496       0.556961310215927     
  -1.95258734057618        3.71868215304235        1.39499375744977     
  -1.03850424723731        3.66380236804689       0.454563460087667     
 -0.221942213447232        4.55339801195548       0.557276622771479     
 -0.983288337873098        4.60775553929076        1.28285594772395     
 -0.296450828356373        3.77573763481185        1.27661406926546     
  0.385672456904141        3.69019906159536       0.391510152222784     
   1.15101354865543        4.49828470986528       0.323322526596836     
  0.562136186850221        4.59560127442164        1.22723937207543     
   1.15416197339514        3.54995030588677        1.19382813487430     
   1.94036228825511        3.68893634218870       0.376999640720522     
   1.95306921362302        4.34419513888634        1.27288387776591     
   2.77257595191904        3.61343029592326        1.22006556501750     
   3.16003196314680        3.70803942604358       0.297470335218616     
  -1.96858697067598       -3.81180143763079        1.93825100221588     
 -0.936419700399458       -4.56890325603601        1.93401943066083     
 -0.219983552275423       -3.70750241818182        1.96564585431774     
  -1.11789911447214       -3.72141505131804        2.62415713298034     
  0.470107262012128       -4.51057655089631        2.09087125999794     
   1.12776012929414       -3.56150621898757        2.10453689771517     
  0.288506865223646       -3.45838269764763        2.89076424528287     
   3.70037465262632       -2.54463583727673        2.11035045326856     
   2.74019487651624       -2.78024496495412        2.72450267592669     
  -3.62022049830675       -1.91328600398817        1.81852242431567     
  -2.63679053059490       -2.83666304421256        1.83372058199755     
  -2.00636527745387       -2.01486062565457        1.90043538125134     
  -2.91666062937830       -2.06289632269110        2.69247419850408     
  -1.62721277417112       -2.84298155978948        2.85743120782148     
  -1.24885317844819       -2.78117956778824        1.81197529891271     
 -0.453615235107655       -1.97925737575268        1.87913993702419     
  -1.15616289948679       -1.89870425974176        2.90224451942045     
 -0.414297147997460       -2.71106153625045        2.70592584187305     
  0.455741755965925       -2.82324632139035        1.99536179075214     
   1.17506988183708       -2.00545807297123        2.04176119640241     
  0.487702993776561       -1.94734087276291        2.94600295995562     
   1.18054186459746       -2.82870324144977        2.94885024632744     
   1.90776964352855       -2.89443131843919        2.15565776076164     
   2.74475778621288       -1.90667577039182        1.95577674497553     
   1.87274397195688       -1.99612793651876        2.84773328464984     
   3.49455744744968       -1.83045535086765        2.86155171048273     
   4.56159912562929       -1.80977717225388        1.95010806103131     
   4.30018230071722       -1.10682795198107        2.80529922327240     
  -4.55548529900829       -1.23840211382016        1.75510918329412     
  -3.66714071349175      -0.535663548656196        1.73135123726389     
  -3.56333396841826       -1.15087269611893        2.68706479397935     
  -2.76424273804440       -1.26487312198194        1.98218028072669     
  -1.97095108232156      -0.438646745782424        1.92454437182766     
  -2.81971332525425      -0.352045636305256        2.66234161601745     
  -2.00014321029526       -1.26210221465437        2.88946925457294     
  -1.09795173470271       -1.11941603203939        2.02651776508898     
 -0.371593928173315      -0.378414195461528        1.98123703026201     
  -1.35543600430983      -0.354316632436023        2.92955346091007     
 -0.506001698372348       -1.06288680142460        3.02052635496705     
  0.395778316284565       -1.20327000789689        2.00872811147115     
   1.14742670401118      -0.401706411813664        1.88876398202781     
  0.422902717795819      -0.393222540585410        2.92796202490262     
   1.17201073177555       -1.11990628718096        2.74671727020217     
   1.94409391744720       -1.17131594297809        2.05621403787779     
   2.78547784783605      -0.442861618448497        1.99637200948281     
   1.99096892696287      -0.450621553586872        2.81653109072969     
   2.59958561013809       -1.20107349865280        2.91749156881712     
   3.51734258925257       -1.17795871224929        2.00348361531804     
   4.53224430336249      -0.487293748758231        1.96953660205303     
   3.38664972665792      -0.503432767002741        2.85260769620205     
  -4.59446352144461       0.361406022385539        1.98074969124896     
  -3.75960345163401        1.02231065953256        1.86507760257810     
  -3.79160135409741       0.399342736206020        2.73168969315003     
  -2.91833121347430       0.238708675276949        1.77299659178217     
  -2.02120602755831        1.13653368223021        1.89529655338782     
  -2.87042610132399        1.11342927832491        2.57097916838133     
  -2.02555077204342       0.424858947695511        2.64274779516111     
  -1.18456269214098       0.407783624751412        2.02059229937588     
 -0.412612429827959        1.07729323937572        1.93431272342043     
  -1.18686939668875        1.09905126591925        2.75974243101375     
 -0.485354694206441       0.275754828729477        2.76744599039148     
  0.380524528603799       0.336916567475319        1.94152807823268     
   1.18505824892717        1.17163573565270        1.98129555957234     
  0.325817811692624        1.05825002511632        2.82022153142762     
   1.13177910120677       0.419732241947551        2.77511838740671     
   2.01219368219277       0.308302872314643        1.99310189363939     
   2.84256047387612        1.13461397276414        1.85463713067301     
   2.00183322343636        1.12616717865723        2.76681142004154     
   2.71111146426426       0.290037056760596        2.80131000442293     
   3.64107914285859       0.227670637239532        1.90775637863004     
   4.40357293793429        1.03314256692180        1.65428933440326     
   3.53451235209491        1.02150705998945        2.77025398158480     
  -4.74441819942744        2.45916286266105        1.54564782189032     
  -4.71441237213404        1.51184672240767        2.15687654301458     
  -2.74860545622304        1.89218672235538        1.87402634486285     
  -1.90866086149943        2.75959508279054        1.94225736315950     
  -2.77917120344583        2.75135773142072        2.57530003798488     
  -1.96428224516631        1.90172082970301        2.76256435803481     
  -1.13799335136948        1.88118699925593        1.99021276500165     
 -0.294709713635863        2.77636706417667        2.03823184990667     
  -1.15473765613417        2.72919016635237        2.69348988988093     
 -0.336789557544810        1.94122535038328        2.68216784296846     
  0.457035344300703        1.91819603767900        1.95414277207857     
   1.23352227311992        2.72380397174467        1.95053727394313     
  0.466308624269332        2.67022933015517        2.79575589530450     
   1.18605674659895        1.84870927803700        2.80513659445587     
   2.04233347352736        1.94973732380724        1.94251704805690     
   2.97528374161037        2.78862085711183        1.93119739028641     
   2.01355018122665        2.70973327549666        2.76619681380111     
   2.92406658035394        1.94592609117946        2.71053534471675     
   3.71297364401618        1.89277766798860        1.79743047109437     
  -3.69673536760057        2.02793040700242        2.36123848095775     
  -1.98669881620024        3.62635128690866        2.75366554377979     
  -1.08707213512272        3.62874765056780        2.00974317761687     
 -0.128013865031591        4.60977951430490        2.05594010974245     
 -0.374043384991535        3.73453926746681        2.79300660006025     
  0.544556085657881        3.66820988528854        2.02655677502746     
   1.31088750335742        4.62047487672719        2.15614694982063     
   1.27319586049944        3.49539303055488        2.89599638150262     
   1.89261367908500        3.51985589636550        1.92355578664471     
 -0.202093463465359       -4.41625108300459        2.89597642672671     
  -2.05716544761395       -1.93755273709375        3.77688134154473     
 -0.924682333626169       -2.94382479857552        3.86269346229666     
 -0.604170252925572       -1.86526624890454        3.83975188589040     
  -1.18004725081815       -1.75015631693869        4.72926899413191     
  0.311307593956396       -2.61060987281648        3.70032468335328     
   1.26545225708911       -2.10742546733870        3.79707880178304     
  0.345782924283496       -1.89982507279029        4.52582120821848     
   2.53808685943204       -1.89986367538155        3.84669699649888     
   3.38314361391987       -1.09913337917891        3.67277269707824     
  -2.94573772223681      -0.204050225481212        4.50352710887945     
  -2.82128934042753      -0.989713976276200        3.66517318810749     
  -2.03976925968285      -0.140227957205444        3.79199839195911     
  -2.04749066069391       -1.17065792925979        4.50615750145821     
  -1.23759340540157      -0.983719255341055        3.77813299937828     
 -0.330778963566579      -0.232493573854444        3.79151524101098     
  -1.21791227757961      -0.296823401811743        4.74238791499088     
 -0.362696374954657       -1.01534586698449        4.47810691140179     
  0.372776163141263       -1.19837052682510        3.71813319074679     
   1.07395273254753      -0.360107277179393        3.78491458739755     
  0.358853582787295      -0.188618171948600        4.63694537050702     
   1.14586819312681       -1.18542641684685        4.44948242499268     
   1.77189795346884       -1.15281275115741        3.63766645050227     
   2.56338835554723      -0.430132150287758        3.72828395902712     
   1.84777372484468      -0.268533450613113        4.60256636140678     
  -2.96209266778564       0.603141188041475        3.66144384093269     
  -1.96270896112280        1.08604001654489        3.56338685965485     
  -2.42946491129093       0.843443991199155        4.59697944303744     
  -1.17084245733767       0.463206461585223        3.67104339287216     
 -0.372638021098681        1.05455917060910        3.74292560440456     
  -1.35058407675270        1.10521540351242        4.58015676655438     
 -0.442491141076371       0.542143039800121        4.64052640315529     
  0.449705967358435       0.456510952305620        3.67424720913627     
   1.19809622846484        1.22411321895805        3.65698234608142     
  0.411271553046850        1.23363189962727        4.45494136989466     
   1.16388234350352       0.506878447173312        4.49292189510237     
   1.82337426500187       0.330758915574841        3.50349682512862     
   2.76709395008362        1.05174406206616        3.50194768514934     
   2.22066572709960       0.859682367101495        4.48444853222631     
   3.51899906629615       0.255325183750142        3.78544359482017     
  -3.01821846764143        1.89841426020978        3.34425713735828     
  -2.06914009383120        2.63294870797187        3.59790071702881     
  -1.28652553035089        1.89881176266105        3.53588874790410     
 -0.490064590654037        2.70664725264562        3.45828611007875     
 -0.605446218740972        1.82845178958485        4.45108077797698     
  0.310973405447031        1.93689643658594        3.63432086864841     
   1.21502136701530        2.44303165095065        3.63278705959764     
   1.53260225778998        1.88875195384239        4.50671884248779     
   2.11318115767589        1.81570381560997        3.60235686529744     
  0.300421687557236        3.41945976909160        3.59311970268648     
